	CCR4	CCR5	CCR6	CCR7	CD11b	CD11c	CD123	CD127	CD14	CD141	CD16	CD161	CD19	CD1c	CD20	CD209	CD25	CD27	CD3	CD38	CD4	CD40	CD45RA	CD54	CD56	CD57	CD66b	CD8	CD80	CD86	CHIKV	CX3CR1	CXCR3	CXCR5	DNA	HLADR	PD1
b_cell_memory_1	-0.288270822147	-0.496793774905	1.88234097415	-0.156051689559	0.0375548148981	-0.409225822054	-0.525482707759	-0.247831693807	-0.393285516477	0.168982716372	0.302491939338	-0.789068585944	2.08281177351	2.23669161161	2.08626868459	-0.7425076487	-0.0144899849291	0.331827097044	-1.02219533289	-1.17220605169	-0.746319217727	1.72913839685	1.46615394972	0.161965446352	-0.633557786967	-0.557986947496	0.246815152608	-0.656524683898	0.293997875632	-0.0871829409796	1.14169557404	-1.22594508689	-0.363310889408	1.87536466945	-0.52158314229	1.09468738041	-0.723287088825
b_cell_naive_1	2.36463662732	-0.564663597271	1.42567169852	0.382867750809	-0.12665295644	-0.744317007282	-0.455174974326	-0.590341777492	-0.30678482715	-0.165582500399	-0.146973020725	-0.790099645381	1.20851555569	0.601597144558	1.43239678874	-0.346268922083	-0.721953140737	-0.740917992569	-0.965665941873	-0.431939179151	-0.812939413495	1.56139513807	0.274372093192	-0.759850906004	-0.339119120916	-0.745880212199	0.0781188987827	-0.87358743955	1.57718670101	-0.287005970297	0.511842882475	-0.664020652641	0.869765294307	1.43631365863	-0.807172726146	0.685384313005	-0.846060468465
b_cell_naive_2	0.0506786258232	0.010100507549	2.35780994392	-0.759788623918	0.345448625842	0.63191327055	-0.254072771666	0.432364410241	-0.201838520671	0.835123268694	0.940226300107	-0.610462678317	2.53198432676	3.17337905542	2.54481654338	0.397206805398	-0.351499129888	0.208237713371	-0.970605902837	-1.08787041381	-0.547540450373	1.71439337618	1.80841514373	0.458303963414	-0.441203794517	-0.340243634292	1.03794971891	-0.243108578375	1.42361481165	0.530419250342	1.79857480587	-0.908290810381	1.7777058434	1.2678011598	-0.00619849870679	1.34619046334	-0.025191681259
b_cell_naive_3	-0.148866916613	-0.369042012668	1.85411940512	-1.00179464641	0.109565212219	1.01057062484	-0.531659871786	0.263322757496	-0.433150969015	0.205305619836	0.812063873228	-0.894759991866	2.48216220951	0.884503166836	2.48147006297	-0.571986766285	-1.06701502952	-0.677925590012	-1.03433063139	-1.81182667945	-0.679502991059	1.10947285111	1.02845624916	0.147609119843	-0.694711900276	-0.568144921537	0.763527313048	-0.487345246066	0.244920746107	0.350096704707	1.53449323336	-1.13318157855	-0.136244853184	0.0839155764309	-0.645814128354	1.15435982351	0.812524544553
b_cell_naive_4	-0.39242420256	-0.884161815743	2.02788540635	0.82407596103	0.0123291865276	-0.916070267578	-0.259573504872	-0.449559774942	-0.521472243388	-0.175131485803	0.0709892668656	-0.889893842323	1.98748467368	1.07048364141	1.93617200887	-0.798180192934	-0.69981052835	-0.924168301677	-1.07633645711	-0.462594420805	-0.836599506961	1.76461908818	1.04185260865	-0.278177705991	-0.72187737796	-0.623890927445	0.012859933655	-0.841873779279	-0.510055342958	-0.366634472601	1.12174487049	-1.22895555345	-0.943999197797	2.49625957586	-1.16377106286	1.17666823299	-0.929462579397
b_cell_plasmablast_1	0.222878671339	-0.845448697416	0.0147788449162	0.518495588457	-0.48025447303	-0.865827329648	-0.333777906882	-0.851025033198	-0.471705112342	-0.350295049196	-0.525685179756	-0.158450478237	1.28331509739	-0.152677254258	0.355156022223	0.0685423231764	0.888837917994	0.774602825964	-0.336406597896	1.37870548939	-0.810431416155	0.868843746617	0.771837883184	-0.128080843559	-0.575728992603	-0.737374477795	-0.411943779653	-0.848606578144	0.29211983574	1.08043069697	0.114983661923	1.03619933572	0.27341077231	0.0438068411484	0.391198060014	0.644342924435	-0.850102788522
b_cell_transitional_1	-0.308656911969	-0.699772318654	1.53539057057	-0.0123761452183	-0.102100624743	-0.952733549449	-0.0401438799047	-0.159351617643	-0.530718165925	-0.0448455417812	0.419342252215	-0.741468199755	1.92491863735	0.832170965705	2.19382448416	-0.651426164703	-0.226780358227	-0.965566249973	-0.859753345712	0.923145363379	-0.821616948709	1.70292958721	1.16747396083	-0.381872530212	-0.74141119515	-0.643256163624	0.297417519626	-0.778684091629	-0.429271243491	-0.146251566222	0.729196440452	-0.680161603122	-1.02409804811	1.88056508532	-1.30018141158	1.07174573341	-0.886089581055
b_cell_transitional_2	-0.299904456197	-0.699482257474	1.60911434141	0.0227340213287	-0.087260842959	-0.954146790003	-0.0432647874805	-0.158962853725	-0.528087948219	-0.0420901546515	0.421316020502	-0.743134109865	1.93406888805	0.897822093278	2.19268039179	-0.642432511484	-0.24589122027	-0.964621491587	-0.868206366642	0.894647260925	-0.819482399143	1.74292225892	1.17531550289	-0.378135656287	-0.734948802206	-0.642318357591	0.301695858866	-0.777625785732	-0.415463815514	-0.148850894502	0.771527286613	-0.696069603714	-1.0269680196	2.05114529693	-1.31146559116	1.08777085721	-0.889272075834
basophil_1	-0.742279704282	-0.35822111788	-0.771645791209	-0.793143204348	1.16449451728	0.00974670427821	2.33465462359	-0.990869002138	-0.567544906701	-0.959559645425	-0.875704928198	-0.937845175339	-0.699872717895	-0.881057852754	-0.583506179813	-1.28411899899	1.33726323548	-0.938352371787	-0.679860436068	0.764556223273	-0.921857648087	-0.852687215049	-1.56672223513	-0.464095981089	-1.07760287934	-0.924349628538	-0.893599992879	-1.0076824903	-1.36024012462	-0.782419855296	-0.86250612924	-0.977487320371	-1.2279450659	-0.375800134666	-0.802183220589	-1.27443468221	-1.15320523448
cd14_cd16_monocyte_1	-0.371497472272	-0.241898999274	-0.625955092008	-0.448199652811	1.60901100732	1.23326023656	0.0286073124047	-0.733349689364	1.81361243302	0.510477576536	2.19934140758	0.920051064224	-0.185094868449	-0.0623340364319	-0.316802558289	1.13888013687	0.044438113973	-0.739580143377	-0.498394440362	1.02526902362	0.100239810507	0.237019982263	0.420595145342	0.842698639175	0.5400272551	0.566374966414	0.256773949346	-0.0440268864627	0.0271552448621	1.25926915675	0.921884486988	2.40895229732	-0.836037540413	-0.392164341233	0.770421952576	0.249489291402	0.0713871955292
cd14_cd16_monocyte_2	-0.348536272957	0.484549234782	-0.756053637135	-1.01645323311	2.21346927801	1.85139237748	0.97009816305	-0.974136129784	2.38546040271	1.04079491726	0.624086023543	-0.991687416195	-0.525667784863	-0.376798419338	-0.293164268101	0.533130155903	-1.16442342081	-0.880634864266	-0.90902829575	0.104040858356	0.632954109068	1.19771339979	-0.768910233967	2.04829724759	-0.762291799693	-0.338224290279	-0.548106296866	-0.587348643604	-0.450290432301	2.79148575215	1.12579099666	0.723543817254	-0.895771843234	-0.421371422176	0.194475506574	1.32780170076	0.586366880392
cd14_monocyte_1	-0.408552397821	-0.17551476801	-0.778948715221	-0.352604705547	2.38852898112	1.5155546554	0.539180813492	-1.01328889365	2.94202656904	0.680383371776	-0.563060138882	-0.941362375963	-0.572392492802	-0.676081405404	-0.326653155368	1.92826735477	-0.787643507242	-0.876899805638	-0.732472541346	0.680644001889	0.336337626329	0.513132435924	-0.811692152037	1.39942562983	-0.822580037162	-0.525031209872	-0.457626484405	-0.769422959885	-0.762696305235	2.35919948986	2.48716264472	2.56436915573	-1.04973044225	-0.206733135186	0.331335293111	0.77911792877	-0.177041592553
cd14_monocyte_2	-0.490981676873	-0.597165773518	-0.799747024792	-0.981748235151	2.27313800205	1.46662180608	-0.0819744267509	-1.05320822405	2.71219501533	0.0515864892321	-0.778112294754	-1.09901486031	-0.648610708633	-0.725851940276	-0.46354451583	-0.104992382285	-1.26436911615	-0.923248111415	-0.943163814947	0.250906181504	0.271410968918	-0.163644360638	-1.24166869966	1.04076851348	-0.910518553269	-0.554492153398	-0.533845381027	-0.830275966676	-1.03369005297	1.95314183601	1.32228552231	0.547886786926	-1.14383534452	-0.505970582163	0.161884201288	0.579603897673	-0.165309936762
cd14_monocyte_3	2.33078364589	-0.0415713124685	0.276694939098	-0.378568100968	1.83587009763	1.18690214233	-0.0561579774818	-0.988881318682	2.3935016219	0.142853660311	-0.560935007336	-0.92138218509	-0.612232354735	-0.688603934153	-0.38809809975	0.831230371054	-1.03464715014	-0.889338698277	-0.926671166647	0.147110278947	0.0657427908927	0.781567726881	-1.1925174734	0.496474209561	-0.390507192317	-0.635414234042	0.397135890692	-0.865699479695	1.52413065416	1.4220319447	1.22298818122	1.04799816978	0.80585242122	-0.332885579907	-0.245057911352	0.522014019363	-0.215673655683
cd16_monocyte_1	-0.695120462652	-0.586438513166	-0.821334437064	-1.33486540285	0.779105150704	1.97484195778	1.00044960676	-0.911555176112	0.347612865868	1.05942850684	2.2413677665	-1.08318833917	-0.346096750402	-0.176709023052	-0.375750097221	-0.879713647009	-1.45765024353	-0.915720935587	-1.09074016128	-1.43415383235	0.31748688753	0.842479423786	0.176462396964	1.93084783597	-0.885985764602	-0.295083598012	-0.608783476542	-0.297097646285	-0.799811166435	2.57307988583	-0.114334516324	0.540597503946	-1.08403105013	-0.512780646711	-0.0741538916982	1.03381464361	0.780931489837
cd4_cd8_t_cell_1	-0.224449315243	0.00644884503993	-0.394001792878	2.37448383549	-1.007449351	-0.78762827309	-0.672163662559	2.385024172	-0.345862170975	-0.071887952472	-0.464507932848	0.181484372546	-0.380951340666	-0.356611642836	-0.410119161191	-0.040578278033	0.158204125893	1.92307121059	1.54232549453	-0.0772237342662	1.67815075352	-0.823595327947	0.444781520276	-0.744754441796	-0.419248262104	0.069254333142	-0.427200538037	2.60899112434	0.256006314761	-0.597670163225	-0.516550646059	-0.156354542218	0.65572446859	-0.462657578554	1.52975489649	-0.917584652515	0.542093571855
cd4_neg_cd8_neg_t_cell_2	-0.754378132211	0.0448235149305	-0.810096003539	0.820882147484	-1.16408731937	-1.04525407459	-0.718392618567	-0.766053339001	-0.537931082264	-0.629180814545	-0.868640209348	-0.316517878799	-0.514112599375	-0.727532874771	-0.591337313626	-0.626294601396	0.249278731622	1.79662054101	1.05600910537	1.23174839435	-0.795097272244	-0.897463757185	0.403795337342	-1.17392989429	-0.827148852584	-0.0360269616439	-0.527232876508	-0.0630526359141	-1.12909789228	-0.507952301472	-0.720615680385	-0.192545704722	0.266402906549	-0.451272204102	0.0728376994289	-0.29965567293	0.439952272652
cd4_neg_cd8_neg_t_cell_3	-0.712799962589	1.84872588944	-0.147749269521	-0.648630282107	-0.971942462868	-0.975774477846	-0.819049170793	1.25680175398	-0.751416754957	-0.976832026333	-0.773198499839	2.15925032966	-0.725838991377	-0.823254713402	-0.576572204219	1.33537618373	-0.944117933938	0.636557890688	1.35036713575	-1.37540296813	-0.964548596859	-1.0711157033	-1.41887447034	-0.65285182189	-0.901615820781	-0.176170144635	-0.754581819107	-0.486876524816	-1.28346054979	-0.81840089836	-0.671524489892	-0.456765158577	0.0625360481244	-0.699596142433	-0.737544891513	-1.10494652118	-0.0416499452453
cd4_neg_cd8_neg_t_cell_4	-0.962935404246	-1.14907005518	-0.903003453971	0.415970371852	-1.31359661491	-1.08826487755	-0.833676931974	0.757385353642	-0.789275505233	-0.855480197112	-0.992511797341	-0.783419296527	-0.706690541564	-0.852220441066	-0.614589024323	-1.18105594731	-1.17658020823	1.51148368992	0.856601119367	-1.31627578678	-0.895242620664	-1.13238298893	-0.374572774291	-0.993935664996	-1.11489808109	-0.608809798144	-0.884654964528	-0.532708644651	-1.4573390972	-0.825416673159	-0.89496672598	-1.31002450912	0.725857099904	-0.596751248507	-0.87458910799	-1.28035786007	0.601877337216
cd4_neg_cd8_neg_t_cell_NA	-0.954408128182	1.0324942424	-0.604609858104	-0.611235095896	-0.438860006799	-0.57451898887	-0.569188847214	0.576913992758	-0.270932108428	-0.871043691232	-0.0995324254064	1.74507368082	-0.556502817475	-0.530126380757	-0.544434511172	0.534285419367	-0.13668620876	0.413352217831	1.52973127855	-0.862388633147	-0.892818255415	-0.998663122617	-0.709888296076	-0.39632797119	0.851815608092	1.16720726979	0.493108947777	-0.616652485179	-0.957436944314	-0.769916960873	-0.671482725484	0.21632513122	0.0214131744671	-0.68475124721	-0.520325451194	-0.830209992958	0.132167214941
cd4_t_cell_cm_1	1.42241453945	-0.402614307451	-0.0403194609945	0.116732005268	-1.37110835837	-1.18924279425	-0.810619738194	1.76850788905	-0.80183540952	-0.530467538867	-0.915773235455	-0.170154379344	-0.64813190143	-0.709706639111	-0.546129911888	-0.90225577617	0.339406271928	0.951936071866	1.10563555781	-1.92128735706	1.83853916282	-0.820046219516	-1.65374896768	-1.04414609603	-0.639212240307	-0.582479339881	-0.883920918275	0.167343966093	-0.261252077662	-0.783610571745	-0.824473127041	-1.18295741154	0.0234653368732	-0.572501047041	-0.618304307653	-1.17220532243	1.25950164214
cd4_t_cell_cm_2	0.376456608528	-1.14004448578	-0.320395899556	1.09309992976	-1.4534556423	-1.20104523652	-0.807441582973	1.31836571072	-0.823836183748	-0.559102626067	-0.932790324355	0.0679876385381	-0.651524150771	-0.753150153931	-0.554597259226	-0.938664217946	-0.80448261059	1.4974917674	1.17535572483	-1.22036748503	1.82348528622	-1.01881110112	-1.62108908801	-1.34127701729	-0.718132821886	-0.602834826001	-0.936187808303	0.112157580425	-1.1184526851	-0.799560873576	-0.851705492128	-1.17206100755	-0.216986107232	1.29402654604	-0.700016188546	-1.29986797304	2.29028207586
cd4_t_cell_cm_3	0.813139260091	-0.115538506783	-0.528748478394	0.738813229422	-1.31464083206	-1.17848014513	-0.802600712287	0.0375723985162	-0.758819002809	-0.505654377807	-0.896169765471	-0.574172428366	-0.636063802288	-0.739337348372	-0.535642007143	-0.916181863472	0.965605949507	1.43835784887	1.21169934031	-0.357551849225	1.83110523526	-0.832145440306	-1.39209560507	-1.15723877455	-0.600812611463	-0.492825607344	-0.865012213009	0.279701775374	-0.343858371215	-0.643296130945	-0.765640668793	-0.825276404017	0.388112615188	-0.360955331899	-0.709949304099	-0.851434138617	2.62028687055
cd4_t_cell_em_NA	1.42624966543	-0.1923058772	-0.34976731456	-0.83369868162	-1.22549523027	-1.17423156843	-0.744543852967	1.84462624156	-0.756373389181	-0.528389063664	-0.901448894868	-0.352820193497	-0.64828185683	-0.688575879646	-0.54465669845	-1.22191681953	0.765392461324	-0.84742142296	0.981329024455	-2.19370046151	1.83673468497	-0.760736801833	-1.63886671281	-0.676087639692	-0.610892232975	-0.273658813807	-0.759638542026	0.142706428586	0.0762508810266	-0.788282946438	-0.836495961024	-1.02359351181	-0.745136728781	-0.687464816562	-0.283826516293	-1.0876488678	1.50700385294
cd4_t_cell_naive_1	-0.869449655616	-1.28440690998	-0.912222369535	2.1952353944	-1.48170163499	-1.18483557605	-0.820589769634	1.43985854375	-0.779578609582	-0.481190246962	-0.92069289123	-0.917836252197	-0.628496231525	-0.725270179896	-0.605936785023	-1.50492736715	-0.769131773029	1.62649340595	1.32971409049	-0.262857840302	1.7381748622	-1.09553177202	-0.360473422054	-1.40676964214	-0.730997198341	-0.701986167056	-0.900390209236	-0.0151414714223	-1.41078088466	-0.822248451083	-0.856951890305	-1.02855857599	-1.23656776236	-0.677127806945	-0.840548187374	-1.40697203651	-0.986310320743
cd4_t_cell_treg_1	0.06420223872	-0.720063714555	-0.707817756646	1.01090683457	-1.41597416892	-1.19963659577	-0.820321564252	-0.136299909238	-0.793101470328	-0.573526014381	-0.945700589485	-0.791087097127	-0.654852725853	-0.801768402676	-0.592292081653	-1.30798338637	1.70599646326	1.50378049217	1.18393118321	-0.81377069342	1.70720826389	-0.979940288231	-1.09090412128	-1.2502746974	-0.717298714655	-0.630837600069	-0.919205094065	0.00074425876496	-0.865216718297	-0.757101344379	-0.8384664487	-1.07169775703	-0.481269389304	-0.402984092269	-0.867278938907	-1.1506093982	0.934771315229
cd8_t_cell_cm_1	-0.83012526727	0.117714423878	-0.865486184293	-0.690146465709	-0.956791059896	-0.893636209288	-0.744648807166	0.0214391129151	-0.57077928778	-0.800510856227	-0.711379227525	-0.613733087494	-0.621185046115	-0.696390006059	-0.508323357818	-0.954169614854	-0.73229501475	0.663818487478	1.03519439909	-0.7958652851	-0.85736004442	-1.08302295818	-0.671173959328	-0.559911346983	-0.883282774219	0.419889625714	-0.320240946662	2.70644786122	-0.279963156053	-0.660262965109	-0.792663922537	-0.563061079749	0.704391928023	-0.64594414245	-0.597848562754	-0.647687668652	1.94626624364
cd8_t_cell_naive_1	-1.10004941183	-1.27362585353	-0.924050765144	2.09773936702	-1.47151042349	-1.13897223653	-0.818793862919	1.57464876538	-0.753421512664	-0.713184380514	-0.931252023428	-0.941890002232	-0.643205144721	-0.749678525537	-0.618671868227	-1.42075535865	-1.08329404152	1.67717083133	1.09796309086	-0.920085106156	-0.933345387434	-1.1404577555	0.262517673738	-1.28879633314	-1.11560277099	-0.658035027907	-0.874136634072	2.76403442433	-0.596626214645	-0.820168977009	-0.873846956013	-1.29054642542	0.105545123	-0.696956182477	-0.547602867269	-1.38260592986	-1.13886708836
cd8_t_cell_naive_2	1.67622260653	-0.254637248008	-0.115556646563	0.953397743619	-1.25939046158	-1.07179548329	-0.795600666261	0.951233428766	-0.667364204001	-0.76791063983	-0.916220406686	-0.332218628988	-0.682303699191	-0.794468921559	-0.577412917214	-0.582721365907	-1.00790880507	0.963107615928	0.976304540977	-1.25785935373	-0.930610088217	-0.41192501148	-0.600199025328	-1.22326326819	-0.796096636994	-0.580430547897	-0.567520536139	1.35259764068	0.2231006892	-0.737988568466	-0.713552741602	-0.99081163651	1.02891283513	-0.609610588187	-1.01350546403	-1.17280477157	-0.708244777101
ilc_1	0.169841264643	-1.14022319331	-0.51444043559	-1.21868021021	0.0327158533337	0.286293795715	-0.722745181428	0.846284467558	-0.958868802888	-0.842739815168	-1.11368353809	1.21733051474	-0.741235264659	-0.906304653345	-0.671567494774	-0.0871737208447	3.27146258963	-0.996585956178	-1.25872911237	-2.1249270334	-0.970476312779	-1.06594143878	-0.68051235306	0.210774992646	-1.17808739319	-0.861765636384	-0.993795753027	-1.12835972022	-1.09023130794	-0.836961081119	-0.991358538663	-1.70485538095	-0.838475920138	-0.712306363557	-1.60583601861	-1.16805469262	-1.17244994367
ilc_2	1.31766347811	-1.00437676152	0.218478912654	-1.26881988796	-0.483077733685	-0.875716985988	-0.795153587656	2.15253488905	-0.855289156794	-0.934476732249	-0.996597658844	3.10124556367	-0.754269978844	-0.844868232417	-0.530322955197	2.96542687179	3.13032860081	-0.961165350214	-1.28358499949	-2.26048323338	-1.00669809374	-0.904126895325	-0.871769678322	-0.313415224804	-0.790805651796	-0.778547794141	-0.943318087978	-1.12190645146	-0.575059733441	-0.848807662508	-0.967446323358	-1.59822180206	-1.11192866536	-0.705556889409	-1.30875860758	-1.39781137774	-1.33056424354
mdc_cd141_1	-0.377802357797	1.30295875861	-0.193135641574	-0.623982230717	-0.263466394269	1.116359967	-0.305056108395	-1.03391014619	-0.263865390217	5.73473966207	-0.827831366279	-0.95643347736	-0.554831890185	-0.0284354223977	-0.161281960922	1.19327605173	-0.586897651083	-0.950961851314	-0.737243394757	1.03529646222	0.162250131091	0.346237720513	-1.12100077414	2.44149267242	-0.842894298802	-0.764239098709	-0.826946490251	-0.645034595795	0.894992800367	0.623311248182	0.382243516715	0.387792507103	2.33064699504	-0.205855534469	0.810915429666	1.17196491633	0.978315978427
mdc_cd1c_1	-0.811176451125	2.62672886293	-0.00683827049612	-0.831479263375	0.626638147363	1.90896955571	0.690984986618	-0.962366900098	-0.345533310212	1.27772791852	-0.811824255332	-0.984288085246	-0.559763857036	3.62136085222	-0.502373780487	0.661948602915	-0.764194756596	-0.835720099178	-0.722250070122	0.422702553823	0.626208243745	-0.300807395298	-0.894566998578	1.44136672231	-0.658266476102	-0.662098896321	-0.748794220624	-0.567643588467	-0.522752574303	1.22165186293	0.479379538299	-0.172257049787	-0.469036578512	-0.487119653705	0.286107717251	1.55709264206	1.00514842851
mdc_cd1c_2	-0.641246781348	3.0537451133	-0.358063048785	-0.713157311149	0.61898002011	1.8569831074	1.46371784037	-0.959287681722	-0.173354490261	2.58586489992	-0.807326391163	-0.891184091186	-0.515452278785	1.79252383909	-0.414319526984	1.38208789053	-0.725093510352	-0.839750430809	-0.722114264219	0.658101793018	0.622672492012	0.0201490354613	-0.0821306263953	1.82134388764	-0.112161354959	-0.636203323851	-0.688907309533	-0.591539871301	-0.0674447733127	1.30167221921	0.758193494404	0.286825824464	0.318146846444	-0.325504635828	0.185971242851	1.59197620355	0.807421164721
mdc_other_1	2.61699904152	0.149466422601	0.875772880283	-0.218725122628	0.660581938086	1.16552103141	0.199045277625	-0.980481103972	0.519795717814	-0.178571620144	-0.488054423515	-0.97500348862	-0.650834558262	-0.365508410106	-0.47898643865	0.272979863425	-1.24537678078	-0.918921067222	-1.06390554317	-0.97170186487	-0.204785266918	0.517065361112	-1.16934301213	0.164516987929	-0.1896039993	-0.829553753508	0.540354332229	-0.964255664417	1.7805748491	0.815331193425	-0.155051017602	0.257973132549	2.09954110511	-0.405215971298	-1.08119023309	0.711749299485	-0.482298920838
mdc_other_2	-0.457557985037	0.408345394663	-0.486534061768	-1.11052288206	0.566425325988	1.46348773818	0.380560557442	-1.07619659276	0.264996560229	0.202635434695	-0.707048643334	-1.14004344248	-0.682452608981	0.155102323115	-0.536824095091	0.059939751925	-1.39801783669	-0.951245801708	-1.01622818168	-0.763817090547	-0.0202753685452	-0.140880770286	-1.05176183225	0.837044397641	-0.870764004521	-0.74443212458	-0.805840867898	-0.901943074462	-0.913150347387	1.22330247088	-0.141344935788	0.0945572877528	-0.770106203425	-0.53578811052	0.398096876488	0.972929260483	-0.105400331648
nk_cell_cd56hi_cd16low_NA	-0.69229271258	-0.478258743617	-0.865746490715	-0.819624392167	0.205214953811	1.17279739049	-0.709529601193	-0.288497900056	-0.609079571899	-0.851947661438	-0.243437424152	0.567797570361	-0.686419712989	-0.847584071587	-0.57014995729	-0.739714198441	-0.381020760422	-0.354705720016	-1.06850305608	0.512466793113	-0.997118694626	-0.811322047186	-0.532453778153	0.505563945957	2.85966112616	-0.693830809925	-0.896098408013	-0.91809463798	3.02193890514	-0.824835193156	-0.806891512289	-1.02622023272	-0.00195138535028	-0.697329391795	-1.19005096053	-0.996366166824	-0.749849302626
nk_cell_cd56low_cd16hi_1	-0.891591208	-0.810358285715	-0.704603963614	-0.954983197896	-0.0178423424905	0.472690374271	-0.149215047944	-0.476846068849	0.409400044501	-0.204788329754	2.43119674269	1.35324120836	-0.0494278963784	0.376095574146	-0.550964723523	-0.437756617261	1.11169967656	-0.749466374836	-0.671602585043	0.832212562548	-0.616613947442	-0.39750671313	0.914077742743	-0.599860352954	1.93596331565	2.66849792061	2.26667346877	-0.218533574516	0.326798266687	-0.666288693916	-0.670111969996	0.414969076952	-1.17498243852	-0.650078965011	-0.62257349442	-0.496188934319	-0.997600632416
nk_cell_cd56low_cd16hi_2	-1.03674223118	-0.314392880873	-0.934217642576	-1.03910593045	-0.224297902545	-0.752382123645	-0.73661447382	-0.98821677174	-0.666109393592	-0.579485740601	1.87247858316	1.35801187833	-0.544751424713	-0.576135363761	-0.606864283984	-0.309889877527	-0.659890668306	-0.801931687661	-0.921237704158	0.668352002317	-0.909241757976	-0.643877850852	0.141700113689	-0.0306760640589	1.4173662824	-0.408043271817	-0.783421175174	-0.663673207214	-0.330139012457	-0.825087906705	-0.882332565916	0.411264969465	-0.811766832259	-0.700028447897	-0.883227765748	-1.06873048155	-1.26274550761
nk_cell_cd56low_cd16hi_3	-1.0047149862	-0.689688615463	-0.951161719484	-1.10815102893	-0.150541045384	0.806854652143	-0.757983601695	-0.956300937847	-0.665840644474	-0.583805614221	2.14449411527	-0.331752332777	-0.519442463841	-0.563350967409	-0.610520838308	-1.1970729216	-0.839548973009	-0.907598620173	-0.992104364851	0.664544683685	-0.898630352897	-0.606348853368	-0.0533308947716	-0.0925708708317	1.94079814019	-0.400899915005	-0.799604276363	-0.59748666174	0.428671693739	-0.810969309181	-0.848686888168	0.0115465533908	-0.871328911908	-0.693110760262	-1.0390775523	-0.988615084627	-0.945878783183
nk_cell_cd56low_cd16hi_4	1.19579716716	-0.750557385411	-0.502720251153	-0.476689441786	0.23354824816	0.516135886393	-0.534488657012	-0.743215678355	-0.162837267488	-0.21866908609	2.37372020163	1.40924069475	-0.332982460041	-0.181755896629	-0.449406706713	0.0752257832317	0.184209128292	-0.666494524154	-0.562811123598	1.04540233515	-0.588701202063	0.259202383622	0.465475523489	-0.437250981237	1.58288839408	0.445477109489	0.0331502101152	-0.283997638616	0.854618731855	-0.597081386056	-0.572845954859	1.35759651099	-0.575031511455	-0.541501990875	0.343805606636	-0.908461438305	-0.583229339555
nk_cell_cd56low_cd16hi_5	-1.022795861	-1.17934447983	-0.926132661412	-0.66597419878	0.249239430978	0.702556479963	-0.683267873655	-0.944997183912	-0.577110792793	-0.34948989901	2.64185989813	1.62978900325	-0.38991313918	-0.263929151468	-0.578549554855	-0.0806866552586	-0.0252804549018	-0.958998913478	-0.683945065936	1.30100587264	-0.805297004834	-0.318035282856	0.322641810135	-0.413248184938	1.40135624166	-0.359983308806	-0.68735012273	-0.279895614311	-0.200158623114	-0.80222665351	-0.83446847098	1.75071862387	-1.2106909923	-0.679390300142	-0.916361453879	-1.26930268212	-0.913547262498
nk_cell_cd56low_cd16low_1	-0.726948053381	-0.711626769716	-0.776366690943	-1.08579730931	-0.443493627127	0.0117559520563	-0.457177733647	-0.826132020703	-0.032545229981	-0.72205177526	0.696563935177	0.74656561619	-0.464971804066	-0.399116006071	-0.635060621225	-0.824611789774	0.282391138298	-0.870610103301	-0.847354344088	0.490741936597	-0.876417369001	-0.887586088442	0.206827656771	-1.04266486075	1.34153725579	2.13989337696	1.27592652628	-0.801209675567	-0.47589399282	-0.769675235776	-0.83302516664	0.260279424569	-1.12545486302	-0.681733778442	-0.664780290861	-0.724218883968	-1.15710711598
nk_cell_cd56low_cd16low_2	-0.709145939315	-0.615236468518	-0.840100438546	-0.987706281438	-0.418596399992	-0.201434793815	-0.776589140807	-1.02495630543	-0.752555608225	-0.872265715061	0.0308253164439	0.926375305921	-0.702666238518	-0.881961640487	-0.651476915121	-0.529917803889	-0.732926623988	-0.892854845886	-0.976614958824	0.566403449787	-0.996701699454	-0.927791245342	-0.539429313649	-0.843889509109	0.81017186588	-0.506892356586	-0.866688015535	-0.98892553351	-0.785282593133	-0.84609130547	-0.930271828129	0.767949367792	-0.952348818375	-0.695418904311	-0.52652006781	-1.21189720164	-1.15488192565
nkt_cell_1	2.02300257864	0.674510702105	0.334628199913	-0.13712099748	-0.710194308384	-0.644824981718	-0.232738026399	-0.161727385669	0.314091675814	-0.594438312243	-0.0761569619589	0.754594159312	-0.300662961029	-0.0815489449393	-0.458714217447	0.421911014958	0.720265577842	-0.147309224718	1.09285686306	-0.406500337704	-0.649511542251	-0.115789212097	-0.00461268280349	-0.912590018323	0.946646661257	2.14645193122	2.0794196694	1.42036337245	1.37568364816	-0.441102293733	-0.25681426033	0.492652270185	1.153734725	-0.462276502887	-0.592760716417	-0.3375868973	0.24230513078
nkt_cell_10	0.0795140883299	-0.175894149726	-0.322722083478	1.50517093358	-0.177206228503	0.208269468575	-0.295676757857	1.34963839896	0.161889132358	0.0326350444964	1.49238373	1.27063648251	-0.0971644159141	0.187979200303	-0.399371372253	0.281240217874	1.16835404918	1.35770173179	1.29897738474	0.784462116159	1.36190185406	-0.406356818072	0.780102464651	-0.385265562507	1.62795813366	1.59459218568	1.28994187584	1.1994725806	0.780520575082	-0.521811594392	-0.441075556967	1.14669937413	-0.164002518156	-0.363080509343	1.60918486265	-0.553587497461	0.68309642383
nkt_cell_2	-0.474219744528	1.30432180117	-0.475242694009	0.555742033536	-0.865634918004	-0.921667754902	-0.226698808099	-0.451859566963	0.316320218565	-0.40505356287	-0.314794841422	0.538945419364	-0.207157014117	-0.0680689672869	-0.500455380216	0.0720130630248	1.32108094934	1.90577139467	1.17600442893	1.31076549762	-0.387896211035	-0.795466905807	0.92023801581	-1.16465764696	0.747397945304	2.11218686705	1.86350683219	-0.0882516474045	-0.49231995714	-0.43894567807	-0.306624662359	0.215934866582	0.0927536081877	0.0614554389214	-0.0262784165768	0.257600510742	1.61229498981
nkt_cell_3	-0.846498290509	-0.531520683747	-0.808967718851	-0.583452766771	-0.364796358717	-0.109455073871	-0.702137787224	0.368399292795	-0.537555270796	-0.719231471574	-0.520789899395	-0.6149147419	-0.570917860384	-0.653147297565	-0.412610606294	-0.540266591367	-0.633491746552	1.03299859913	1.00683742311	-1.14577457154	-0.832064236191	-0.970330446763	-0.300835859738	0.147494764885	1.2045966075	-0.221970220832	-0.592494681032	2.4139947095	0.529234833902	-0.692226888743	-0.66616555034	-0.580384317843	1.46771511874	-0.63868127497	-0.627459614549	-0.954686175844	0.609481476073
nkt_cell_5	1.03059030935	0.406071424231	0.195302921725	0.8927407723	-1.02326020098	-0.908460067193	-0.62371644295	1.42495770413	-0.417535415664	-0.358351843983	-0.565206832555	0.410338123021	-0.439657585586	-0.494565155274	-0.416398663752	0.298290334116	0.383986767009	1.07622925083	1.27222500977	-0.599390388245	1.78980606168	-0.547603155492	-0.808280279157	-0.916369773317	0.903227130203	-0.186061343151	-0.335682773946	0.501190161365	0.477362031221	-0.435331834775	-0.402792596875	-0.0494039057853	0.311247672468	-0.26811870471	-0.109233218958	-0.798758863174	1.6582265784
nkt_cell_6	-0.95195100714	-0.361118781186	-0.639733964208	-0.760780186594	-0.465604445219	0.311173555187	-0.0072762632283	-0.331771131919	0.636335509962	-0.380041241954	0.635843549392	0.942332214093	-0.0900279848921	0.29213314715	-0.54105353667	-0.743978866102	1.46093962169	-0.556179716769	1.30151773864	-0.091843462899	-0.639936952993	-0.954794586478	1.01138598296	-0.395356210315	1.21402770881	2.91176928566	2.89845703498	0.783868498496	-0.370111771278	-0.630886961745	-0.595579906866	0.303144815502	-0.874870082207	-0.655742263837	-0.316084664192	-0.238385608524	0.189162025517
nkt_cell_7	-0.722819942867	0.211111413067	-0.60926007481	-0.883614830846	-0.747268842158	-1.06765501291	-0.0314325192173	0.449349638394	0.538265139847	-0.4527909513	-0.0670568748994	0.984848003544	-0.150448599417	0.258728012262	-0.501994717512	-0.615896255104	1.32917978656	-0.432724764925	1.17242834069	-0.630328916093	1.68922437044	-1.00302878034	-0.214279528287	-0.653411213457	1.002313195	3.00981785928	3.01633488153	0.231662311144	-0.691704117098	-0.524920906416	-0.614200317517	-0.14064425367	-0.607655251773	-0.592714030093	-0.433550453871	-0.146887535669	3.64618166303
nkt_cell_8	-0.939387180211	-0.10095408245	-0.659223683639	-0.937770840199	-0.760412992307	-0.857366312806	-0.0251976285514	-0.298061198875	0.59728919037	-0.577553246347	0.114802530095	0.803370665449	-0.130594249517	0.251974939491	-0.509728272556	-0.838427311898	1.3446954411	-0.296307562479	1.1477195808	-0.332027332807	-0.626207440042	-1.03091778236	0.416439932648	-0.752043774704	0.966371022875	3.02967750284	3.06440214287	2.77366349769	0.0142737437395	-0.612446091781	-0.642090780421	0.103161561894	-0.851542435084	-0.649217443987	-0.461698380278	-0.19579106413	0.903787788237
nkt_cell_9	-0.794968764917	3.46147411065	0.90958693311	-0.898949230817	-1.24112089866	-1.11978141017	-0.824098297036	2.4936517398	-0.72975570975	-0.963802370183	-0.929485957832	3.54254227599	-0.715954262785	-0.745675668754	-0.529377961858	4.04366719226	-1.29587359187	0.812212297525	1.19157954326	-1.77432899849	-0.905320138407	-1.04194415714	-1.60721452145	-0.461057624839	1.15900013197	-0.407722269393	-0.861194289201	0.706074738537	-0.276907893092	-0.780428993216	-0.416798278138	-1.03717819067	-0.287082335516	-0.686433989312	-0.857366100567	-1.20706371632	0.33762239025
pdc_1	0.747286631571	1.90345396093	-0.377036916866	-0.135552378864	-0.184240217942	-0.792211319369	2.84928432185	-0.933810216653	-0.481292434899	0.989070436077	-0.717189498109	-0.788697759463	-0.361505577625	-0.516162868024	-0.545102198912	0.421565550939	-0.597501470894	-0.897633776171	-0.856147667127	0.733964243364	1.46358403534	0.0158689079891	1.38778268686	1.71025313392	-0.496041158091	-0.754825627385	-0.450448054231	-0.113087696988	-0.396539251788	-0.431054222818	-0.4472823354	-0.842690380965	2.56895717982	-0.14896227895	0.751037786035	1.14548780506	-0.651657580838
pdc_2	-0.939411038135	1.78033427304	-0.6957778703	-0.334638416234	-0.333305578273	-0.893766652622	2.88702767332	-1.00764567623	-0.630528851118	0.977795228661	-0.814871172064	-0.887171654425	-0.406548378724	-0.57260456431	-0.61315671768	0.0412389643982	-0.7550572077	-0.964485534038	-0.933778103599	0.705907634829	1.43458241168	-0.537653141853	1.37991666575	1.73942239804	-0.68560195527	-0.830976131426	-0.705986080114	-0.195191105856	-1.11225061321	-0.539780572185	-0.560308148269	-1.05594375002	2.28930876787	-0.211832103965	0.440237189111	1.09795462936	-0.839338046885
pdc_3	-1.00395868152	2.32588280393	-0.58558545898	-0.525617719829	0.176085023933	0.478720394488	2.9364581344	-0.919244025049	-0.299091501582	2.44177922183	-0.320533253987	-0.424202965708	-0.438058600892	-0.297518059041	-0.524769135258	0.583870571935	-0.23047827315	-0.900539566773	-0.638446678166	1.14122820983	1.2539578681	-0.74305494399	1.05733500677	1.92535799696	0.260976854737	-0.474282858989	-0.410646196022	-0.25556140418	-0.415413549925	0.575923709006	-0.25426736384	-0.336547417539	2.40010835532	-0.157541075131	-0.00298622387684	1.2572184774	-0.386302387234
undefined_1	0.0615801878998	-0.0440517148186	2.18421927782	1.60982521995	0.112874647377	-0.652458396544	-0.243150414971	1.18076371094	-0.290414235502	0.101880810097	0.278920508191	0.0641197779118	2.07601517125	1.27218097623	1.99619127603	0.0223464445133	0.219501171461	1.09410608281	0.995805003682	0.138784925904	-0.729243396993	1.77243715393	1.46094014526	0.030910415386	-0.240442599825	0.316585729119	0.548443137528	1.6318424496	0.495070214148	-0.127569402267	1.09265154626	-0.333453370034	0.627384260193	2.40935296081	1.46025198562	1.15932009164	-0.063210435977
undefined_10	0.194693852499	0.0610381748239	-0.470449938147	1.40812773104	2.2546606558	1.57774667012	0.314586779087	1.01211629625	2.67324446924	0.796201652404	-0.0223019854322	-0.387746455559	-0.393614880656	-0.360726681301	-0.26304115825	1.27318884922	-0.104271006697	1.25143291482	1.05643698786	0.608250915228	1.28554626903	0.363602378671	0.0594372367083	1.46979983379	-0.43346373141	-0.028781289482	-0.232088126473	0.819331581501	-0.14406156133	2.32309748247	1.85719547588	1.92164840539	-0.129867697963	-0.204483030039	1.66691820591	0.748237921969	0.969552123574
undefined_11	0.193956209732	0.256254149409	1.83318431149	0.656566099702	2.41222521033	1.62378402696	0.585460127726	-0.190837069785	2.8473613576	1.2031647644	0.607765854261	-0.618736614725	1.89729165016	1.15475422104	1.97026140528	1.84268678559	-0.148459494595	-0.541212189074	-0.598905130064	0.760364016025	0.553929602596	1.81632236953	1.19050148155	1.65022549531	-0.410194965095	-0.0402520299396	0.515519772056	-0.254024143804	0.339259620486	2.50216767062	3.37971115682	1.94162854646	-0.348477811278	2.09898641179	1.81956818718	1.44257341178	0.460192255645
undefined_12	2.39056368651	-0.487951201805	0.405512330455	-0.203508605123	-0.653655791972	-0.276220940748	-0.575545031357	-0.840825014271	-0.235710675198	-0.654422511601	0.492009085628	0.409792503368	-0.52456359393	-0.515467097302	-0.516365805635	-0.207014508768	-0.268279466759	-0.810800376055	-0.971980292985	0.263082495258	-0.890918925101	0.00466463292695	-0.463548969302	-1.15379990077	0.90592881729	0.600603774925	0.470304746805	-0.848378729012	1.543265386	-0.66083016457	-0.5912892992	0.289165003182	1.36533951463	-0.509402665861	-1.3087767685	-0.865751338907	-1.08044313784
undefined_13	3.08173190896	-0.777623549718	-0.491558050946	-1.1813033127	-0.414055881738	-0.664741878978	-0.745985786431	-1.01520922914	-0.0612260200559	0.0708778310654	-0.642132105715	-0.841686305603	-0.720642612647	-0.865731259578	-0.442576835135	-0.72350301921	-1.28404396703	-0.922729212574	-1.24388210066	-0.167645041528	-0.879307039806	1.64932434323	-1.41285142217	-1.20848205928	-0.194150676805	-0.888971762863	-0.61160894469	-1.08237557498	3.32317085231	-0.617885441289	-0.492524144927	-0.52890247564	-0.513379071181	-0.532411224429	-1.0202112863	-1.01930639038	-1.1245173056
undefined_14	-0.336424051724	-0.228621198058	-0.485624829258	-0.651430529677	1.64416258532	1.50561945733	0.233283391145	-0.632513224977	1.98089236288	0.309056263563	0.846359346676	0.753369607405	-0.341576364035	-0.0225146159653	-0.282651487695	0.695640171425	0.28024362932	-0.725819401913	-0.952875439642	0.735821180432	0.15289316802	0.109056025816	0.255678590398	1.23077116598	2.00493082842	0.785254782907	0.688975253213	-0.533645422689	1.06778706469	1.55675095249	1.04908709848	1.99481088291	-0.687282168551	-0.307159187133	1.50156985807	0.381440363846	-0.0277503674846
undefined_15	0.0130419319304	-0.561666016847	1.43392427425	0.398172890852	0.350768568801	0.679025369853	-0.0674020574658	-0.0648863747937	0.181662255129	0.101295831893	2.13148966368	1.1968398682	1.36728326064	1.20566213297	1.71404887907	0.0720085688373	0.836052516215	-0.587205274267	-0.890759690979	0.902236230822	-0.545415780908	1.34891427501	1.33824106009	0.0271013413889	2.22500814621	1.47970855776	1.44060298878	-0.222136101811	1.69180759067	-0.400592403954	0.475379539274	0.640462714827	-0.150352996264	1.80161955474	1.63238161011	0.743224039619	-0.708524792931
undefined_16	0.373321706831	0.78761018353	-0.019268159704	0.707142406929	1.86957801674	1.4688340167	0.506360089089	0.767038376214	2.25696712904	0.817217169356	0.217495689816	0.564407596772	-0.136570569629	0.294440837512	-0.206364802827	1.93100004682	0.673327644425	0.626050194718	1.01994432342	0.623491092998	1.07829192608	0.358184091668	0.319548597485	1.29867166869	1.00081139742	0.996126537551	0.99694084627	1.035149111	0.809508579849	2.04949120522	1.64233400907	2.13718307499	0.0955924549671	-0.148316176137	1.39219261782	0.802961772632	1.19656661632
undefined_17	0.338924985582	0.328931518531	2.01516131926	1.19940321768	0.319916379135	-0.0967033388041	0.148383969673	1.18345812864	0.490008627553	0.422934631409	0.828289996049	0.804368723903	1.88468458051	1.6901679248	1.92481431309	1.0628481134	1.17798681974	0.640170677086	1.06488830753	0.394808322348	0.518434150097	1.62567435264	1.5062705425	0.128356399251	1.10063179374	1.41366343157	1.91244143981	1.38137264891	1.15490906508	0.115648320051	1.40933401856	0.480743010272	0.288418402227	2.06921860075	1.52557481003	1.16752889475	0.810734997939
undefined_18	-0.216163251295	1.7576592773	1.80014377967	0.902362241225	0.25026713642	-0.560983711216	2.92157035335	-0.292096935993	-0.184162066044	1.52827557187	0.250893823286	-0.50823990754	1.84294846129	1.24581061328	1.87500420905	0.6679181734	0.0519506829157	-0.577166002568	-0.594083463933	1.04044754796	1.55340132126	1.55052381692	1.92944805179	1.8075288086	-0.209181279282	-0.312291204513	0.433938681113	0.239660044578	0.300580369406	-0.0466185398975	1.15468995587	-0.440701803347	2.34853963728	2.07506171148	1.78620033762	1.44817212608	-0.478294040453
undefined_19	-0.163807862838	1.6295867171	-0.355128581027	1.30409153604	-0.380657235227	-0.764086034446	2.6904272869	0.731282770308	-0.367878938494	1.00440388124	-0.468754271937	-0.0899789528335	-0.182239725084	-0.322460148085	-0.452383467662	0.808939515692	0.34067158812	1.17806269575	0.887326065736	1.00807290204	1.58254990249	-0.40113758752	1.35712071992	1.37802674251	-0.224042202498	-0.305957010444	-0.237656720696	0.995382435753	-0.242297212539	-0.147155279031	-0.399073647682	0.165107758893	2.38948118544	-0.0942266217012	1.55962648769	0.974831596664	0.18907851768
undefined_2	-0.0463862756329	-0.287434815968	2.10292155744	0.703034897029	0.624438797898	0.421196930177	0.0324118493191	0.0162231968967	0.123148988876	0.465047903219	1.95271997726	1.13670714925	2.13490048621	1.68198605911	2.03341565824	0.767409544056	0.803191389291	-0.541158468209	-0.540566929299	0.963727503342	-0.47050239116	1.77947718872	1.58937291903	0.262981741314	1.35456899606	0.901080182347	1.21748923331	-0.126149055539	1.204572902	-0.0740165383474	1.40193924181	1.11745185236	-0.44225001394	2.31433224581	1.48252280272	1.20966428836	-0.349056045219
undefined_20	0.376259966639	-0.302413915574	-0.189022273365	1.69031818855	0.929318303353	0.672271315203	-0.143803143795	1.27111209771	1.0580612698	-0.0983348895912	-0.676650963976	-0.339087170534	-0.533181135286	-0.343829292098	-0.44980004663	-0.049714043157	-0.118662540609	1.46109154864	1.27421776855	0.0847015709019	1.17635565367	-0.289999913941	-0.235455764456	0.0121657799295	-0.816563269519	-0.331678525978	-0.174704224295	0.714223608091	-0.475116570442	0.397509809991	0.0707271218442	0.0559992941165	0.213103400409	-0.338984809287	1.08881604436	0.00818182412191	0.19372437791
undefined_21	0.521344939222	-0.540323211145	1.02806586025	1.92099078929	-0.51781850288	-0.688112514459	-0.466945257898	1.52370520672	-0.281895176398	-0.0748329241698	-0.158074707464	-0.416394075022	0.920497589074	0.481481489172	1.3005187195	-0.313751920341	0.00295488098823	1.41585647179	1.21711157174	-0.0933336265448	0.954449439511	0.908462145688	0.581249181481	-0.588161985834	-0.83191236162	-0.327945669477	-0.136511833449	0.874077559065	-0.00934738647003	-0.357846032727	0.170011060675	-0.68102419004	0.228750244524	1.28731337546	1.40612636456	0.477438780386	0.16079537724
undefined_22	-0.397412393738	-0.993689622442	-0.639363454776	0.427746434103	-1.07063020996	-0.994692723533	-0.551891659012	-0.739277623885	-0.571354235971	-0.633033521363	-0.817986742745	0.0774992200345	0.0937303732468	-0.665156415721	-0.445568371637	-0.160356633831	1.19957207638	1.06154187266	0.0568489188448	1.61145425457	-0.728747337926	0.0169316992174	0.175259056692	-0.287562698498	-1.19498525375	-0.765943739432	-0.792206400119	-0.760493573896	-0.703307068926	0.613011336336	-0.560079195824	1.1988495165	-0.153695608383	-0.603938574176	0.577031007017	-0.274247068115	-0.915180352562
undefined_23	-0.823588835827	-0.273175830696	-0.549108337304	-0.655804957538	1.32535508019	0.398531171125	2.18142391904	-0.905430141161	-0.355364238771	-0.754365722818	0.264785174405	-0.193709461098	-0.508213822291	-0.707850034724	-0.511017457903	-0.919567061345	1.45734602293	-0.89058321404	-0.435087638013	1.02804612208	-0.816133718184	-0.621051826021	-0.488245037963	-0.238226150598	-0.483690905594	-0.46416134535	-0.620385984911	-0.577380575382	-0.995120012895	-0.802527556531	-0.832205891817	0.0730987567407	-1.17527705163	-0.378538102404	-0.27796620621	-1.16700362879	-0.794267791838
undefined_24	-0.398315611307	0.0599161379145	-0.463959988094	1.15116281861	-0.0740563743229	0.320115237992	-0.308707171319	1.13401255649	0.101191925834	-0.195075139751	1.5468920044	1.36627684925	-0.167731202993	0.0927439865451	-0.454134284087	0.533834721424	0.781002858051	1.22971467726	1.14156007712	0.771110518185	-0.590974691164	-0.44609845616	0.868582447983	-0.265432734734	1.725128246	1.39447532078	1.05213945687	2.22600635941	1.07487305254	-0.53198827895	-0.521222446981	1.06349049298	0.657266988243	-0.563448065017	1.41676089818	-0.538077631916	0.2754001987
undefined_25	-0.736718455774	-0.325053926596	-0.873073934492	-1.1001373118	-0.501544527596	0.637979204179	-0.687513260905	-0.819068235793	-0.808484161163	-0.810301515282	-0.632066333136	-0.543056169903	-0.68467413137	-0.756034496101	-0.630453093417	-1.00904229988	-0.559014923669	-0.378818615451	0.626469842193	-0.722576504568	-0.967339812681	-1.04079147497	-0.399990867258	-0.112771203021	0.0433124418967	0.672898595805	-0.132744759475	0.31454072389	-0.966975586784	-0.703703155488	-0.83982289424	-0.595445023711	0.276030155604	-0.717374904841	-0.960561038488	-0.462877230863	-0.269691420152
undefined_26	0.152025133537	1.46716804371	0.178331622034	1.34739177302	0.566759265714	1.82029687188	0.5321375343	0.6685736036	-0.457456567565	1.0050901986	-0.498956632456	-0.543853543762	-0.431720644212	2.53721721532	-0.461509343841	0.2966078646	0.0677677835215	1.29925372352	1.00725732793	0.241006938621	1.31493707201	-0.141567183614	0.00464945570979	1.1762205748	-0.307145600628	-0.189811321323	-0.576208809959	0.504664610271	-0.514420450644	1.20178429181	0.038567638226	0.0438262826844	-0.0118275190994	-0.388437031786	1.61738374431	1.41718066668	0.871190620058
undefined_3	0.146026151703	0.0846056869393	2.21992703273	0.617872348861	1.84968848307	1.39758907388	0.629798470723	-0.270004248738	1.93393811967	0.962164071157	0.551540726066	-0.449624973157	2.15002639652	1.80604060589	1.97396105014	1.41942742408	0.179533204297	-0.547990135736	-0.621665357507	0.568047531161	0.268521649618	1.90700285387	1.40188457409	1.33331763234	-0.100276625335	0.0320367944725	0.64305012319	-0.387904195666	0.418282697693	1.89801665563	2.64733808836	1.21743208946	-0.269203109128	2.50135999549	1.80114900645	1.48211909274	0.21251670051
undefined_4	0.364553368837	-0.25008114348	2.11148888963	1.835814078	0.0583496165815	-0.629690116547	-0.200623421796	1.38023987654	-0.32448198484	0.330442240274	0.338487727314	-0.162222910378	2.10856945078	1.38494681365	2.02715130675	0.0839906971734	0.436715542747	1.2785413279	1.10805804592	0.152883781499	1.03676263495	1.72657498142	1.34511533837	-0.0911094193473	-0.199586699192	-0.127362639499	0.381490329272	0.553436231277	0.313474497665	-0.148001606497	1.22774518093	-0.360586361677	0.175724763194	2.28107292916	1.7781784781	1.16777867982	0.26625953113
undefined_5	-0.123103825014	-0.170107380774	-0.497848154141	1.18501286896	0.559508981737	-0.129935441481	2.06112571485	0.535271714237	-0.339843031467	-0.574305155493	-0.533964144486	-0.0242171818609	-0.273413161143	-0.552163773877	-0.427332033276	0.0180278469558	1.78310928592	1.20821749061	0.752439336511	1.21765488755	0.278863358754	-0.29403686534	-0.148154529321	-0.155415484741	-0.369246892282	-0.528146810137	-0.560802981329	0.156148851553	-0.569178980927	-0.278817601734	-0.528337095396	0.942089720369	-0.503607610836	-0.24115860418	1.15122422274	-1.09545366613	-0.380300582864
undefined_6	-0.172331896838	-0.811887135801	-0.594789320658	-0.431191877622	-0.490577656797	-0.723107386782	-0.0631709591037	-1.07554977299	-0.899394170351	-0.844367654392	-1.03467093406	-0.928084717659	-0.602043765806	-0.85572399477	-0.50026638709	-0.707795543012	-0.21843134668	-0.518472308619	-0.760786638553	0.695116667028	-0.875090405843	-0.517227965059	-0.899479056271	-0.650992020008	-0.940595725341	-0.943187200177	-0.879451438667	-1.00858275039	-0.841413522509	-0.0107566801426	-0.840139462939	-0.76989408661	-0.363084336075	-0.641902001625	-0.210629076452	0.419771363097	-1.09316145558
undefined_7	-0.623337767385	-0.0100326300872	-0.793928582265	-0.755872483597	-0.368501445417	0.0997709700482	-0.656886516887	-0.975818783289	-0.877979723569	-0.875932740195	-0.541664790826	0.484084553028	-0.675185714276	-0.868915502483	-0.634196686652	-0.329758999094	-0.441761503419	-0.860944462265	-0.682340379127	0.59277867143	-0.981541095058	-0.909244625538	-0.718227145964	-0.519523080176	-0.574630500005	-0.482626454934	-0.774317000551	-0.93959334403	-1.18284620401	-0.605863320774	-0.8732614988	0.638174928302	-0.540195679968	-0.692547202135	-0.423294340324	-0.26877204831	-0.900593228156
undefined_8	2.66854820647	-0.445571354307	-0.0270729113426	-0.786873616115	-0.531775106021	-0.37036287398	-0.667052191704	-0.950342255339	-0.520367257665	-0.231995121136	-0.796833680098	-0.94348537961	-0.627966241807	-0.714727512353	-0.269496162555	-0.873534671339	-1.17464443521	-0.868141418155	-0.919357369944	-0.547379435236	-0.747817395821	1.07010209585	-1.31795810552	-1.14137327386	-0.665675292324	-0.881501728802	-0.47253108718	-0.992681046048	2.15285243904	-0.45592019485	-0.526513715065	-0.714129048645	0.172681984679	-0.457327466699	-1.12778105152	-0.357235084546	-1.08394375931
undefined_9	-0.818423267094	-1.12031374239	-0.969137978317	-1.47780054387	0.254090086711	-0.740678290003	-0.782653789015	-0.954580360037	-0.909392375912	-0.916850105165	-0.9068079507	-1.11903464703	-0.761649422145	-0.9522303016	-0.621357770511	-1.17891210218	-1.57505527698	-0.939234108876	-1.21794789494	-2.26893432873	-0.916456219555	-1.03691499232	-1.70042219878	-1.15014398816	-1.24712645545	-0.256790877408	-0.842642540932	-0.929573249687	-1.48812042107	-0.740548957507	-0.992615924513	-1.52325172044	-1.18088053257	-0.662497821175	-1.1568056144	-0.977245989933	-1.06691300719
