	4G2	Axl	CCR4	CCR5	CCR6	CCR7	CD11b	CD11c	CD123	CD127	CD14	CD141	CD16	CD161	CD169	CD19	CD1c	CD20	CD209	CD24	CD25	CD27	CD3	CD38	CD4	CD40	CD45	CD45RA	CD56	CD57	CD66b	CD8	CD86	CX3CR1	CXCR3	CXCR5	DNA	E1D8	HLADR	Osmium	PD_1
b_cell_1	0.566913786667	0.32375145958	2.53045656456	1.12993689116	2.59742343586	1.21821065475	-0.0995512028917	-0.683492104983	-0.348667413742	-0.357700542286	-0.23578326338	-0.249355096925	0.0981362365617	-0.455916136308	-0.295430566319	1.65863093313	0.666036862131	1.7278137628	0.815729339187	1.21886342359	-0.113978408607	-0.312323276749	-0.705538007478	-0.24540894302	-0.736531329299	1.39307781794	-0.415988158291	0.914898421228	0.298060837281	-0.482889663364	0.0492155436826	-0.579082672711	-0.167688411728	-0.255586169189	2.40312061621	1.8730131775	-0.345672300765	1.21304645746	0.77604392001	-1.35790271232	-0.269956493884
b_cell_10	0.970017111499	0.58171012274	-0.372474258875	-0.938774256236	2.29569193011	1.51052943684	-0.0799113961131	-0.881489336788	0.0345141706651	-0.125753667507	-0.271988755464	-0.174320011515	0.671970047653	-0.651624981833	-0.280136637333	2.36360491881	0.540037195258	2.27068985884	-0.263132923891	1.17057368711	-0.303605573991	-0.680496543776	-0.782837205479	0.0420437382566	-0.81699833291	2.42251979386	-0.224451350339	1.53527762289	0.197081962409	-0.559170588703	0.299509756618	-0.653496663043	-0.507015294816	-1.0106192443	-0.54494899435	3.01139061888	-0.904312135079	-0.525200914934	1.37600200397	-0.718526407734	-0.542832183874
b_cell_11	1.24334053628	0.740172351945	-0.318355764858	-0.910169402772	2.58862535855	1.07310262419	0.00686628348949	-0.857071036483	0.0546146386421	0.0454814368938	-0.0549471351355	0.134532188831	0.999891738967	-0.53134278237	-0.201866395866	2.50866867094	2.38844052818	2.43326100332	0.071987335108	2.162408237	0.11343666893	-0.598562150227	-0.69297174569	0.722707279842	-0.730570330899	2.57601998289	0.0757529116697	1.96664317162	0.65752135453	-0.546685951445	0.596753530215	-0.562549719779	-0.376357699249	-0.955725854631	-0.490017166221	2.99312998236	-0.702141654497	-0.446668510244	1.47341753074	-0.460733880436	-0.505009708954
b_cell_12	0.921778666641	0.49264540867	-0.434299342904	-0.900919866767	1.91544077785	0.21598196157	0.203366614459	-0.888848884747	0.259928190743	0.328483409832	-0.215467738344	0.160996565283	1.29101217459	-0.220443731321	-0.382555609679	2.3734334956	0.970927769508	2.6471134535	0.275885615606	3.55713778913	0.299316373735	-0.685305501289	-0.56932627714	1.6520777089	-0.766953860202	2.29813759956	0.284452673957	1.78866354454	0.212714728016	-0.555258983819	0.649901354765	-0.559643493397	-0.283832213084	-0.818507695839	-0.585710986671	2.43481478772	-0.779659798977	-0.4679280716	1.26914493492	-0.50009258748	-0.469702228162
b_cell_13	0.366399209693	0.149976794622	-0.548352754108	-0.972645672031	1.88796415846	1.33329823782	0.0699581889652	-0.876908880226	-0.216191539814	-0.493492642361	-0.488959950127	-0.390339749567	0.0511688996963	-0.714146050673	-0.434771773577	2.21666581743	0.534154726538	2.04586855595	-0.763250309387	0.826866954181	-0.438179453571	-0.781653511375	-0.893444156843	-0.11680556916	-0.93208555104	2.23114816904	0.585039343199	1.45774237469	-0.359792212165	-0.435816517672	-0.0906286714869	-0.805453574938	-0.646663214475	-1.03547545566	-0.719616931291	2.93143909168	-2.02635706712	-0.0608211482715	1.1733939441	-1.95209323226	-0.579994954363
b_cell_14	-0.0716566568113	-0.407114311854	-0.718129951913	-0.979413252442	0.460286242917	-0.414058572051	-0.00306044722472	-0.795820093281	-0.365392211232	-0.576870026818	-0.595943351367	-0.459481443919	-0.0860403991498	-0.786882710844	-0.782983686036	1.94323222917	1.29172635196	1.91003843443	-1.11447274621	0.47129221296	-0.653526265893	-0.620255340005	-1.02800382069	-0.979048480905	-0.944668816366	0.985692449171	-1.04033402567	1.26673974509	-0.82650048809	-0.514151521951	-0.220964933359	-0.801990604355	-0.685632978354	-1.10979922912	-0.7551084132	1.2948420679	-1.1281507402	0.150763936686	0.498340134825	-1.36126475001	-0.5278512098
b_cell_15	0.571451174039	0.30581580238	-0.518136910877	-0.951933059324	2.2681104645	0.890984620902	0.161242049051	-0.874666923896	-0.136065650294	-0.429146369307	-0.413374844691	-0.177204339723	0.254879132771	-0.607817032516	-0.396614114254	2.30270045526	2.7969844603	2.19710619755	-0.548881139283	1.69362594713	-0.0630095913122	-0.753781937489	-0.828440036328	0.640289298966	-0.894779665842	2.42817650339	0.942504935997	1.93496093464	-0.110116073731	-0.507580875167	0.0391709057483	-0.758795172228	-0.563183692271	-0.985124340325	-0.67740493567	2.91292363141	-1.88678228967	0.0697115999329	1.28955211598	-1.62974390529	-0.543065322949
b_cell_16	1.37833581129	0.411080672182	-0.383024350216	-0.748236474506	1.9112963272	0.0318785931592	-0.316137639767	-0.520193112068	-0.299860653106	0.191349584802	-0.231138755323	0.217976101124	1.14135251603	-0.554629090982	-0.420962318588	2.59606771342	2.07347057276	2.61679059583	-0.086608361596	1.61415366363	0.435364872515	1.01384525236	-0.707083516313	0.0425837338416	-0.718165544662	2.44194149147	0.269073399169	2.06924743267	0.253923476105	-0.511771858475	0.581982829982	-0.414075081668	-0.0912634961086	-0.99912108738	0.919764566523	2.20587849486	-0.439832072439	0.00422260475434	1.31731791367	0.0181968978863	-0.39569745919
b_cell_17	0.795845496096	0.152410081948	-0.443114119633	-0.719885152691	-0.581254615644	0.572270384612	-0.830827199084	-0.855718409524	-0.000305678983565	-0.657321395255	-0.331094466641	-0.368356294117	-0.371452200448	1.08514559715	-0.581267839166	1.99966247236	-0.233545224402	0.157434357127	1.29686717621	-0.29708549812	1.68454785393	1.93194262249	0.0833458880223	2.3906585635	-0.713051247342	0.888638080857	-0.142861130632	1.49335277086	-0.222964008257	-0.522835283119	-0.150662774008	-0.36351120726	1.81063471863	-0.294368668696	0.2200197255	-0.378274617426	0.907021812361	0.371535663964	0.839788336131	0.713336557681	-0.538078846996
b_cell_18	0.0301259581289	-0.048378350174	-0.493268401529	-0.869616878143	0.908471074679	0.493153066494	-0.366413349265	-0.863236169617	-0.363762437348	-0.328466150769	-0.459797110567	-0.43637427058	0.29990004866	-0.700344834473	-0.622849820922	1.75369525403	0.517800910502	2.05382890476	-0.762945822598	1.12714650803	-0.436075592187	-0.519212130734	-0.884989528339	-0.499958887551	-0.884260213844	1.69094176945	-0.840741111122	0.892302465246	-0.430733568587	-0.563194173237	-0.00234565005686	-0.70724557159	-0.582554363989	-1.03923622037	-0.541601403436	1.94097026139	-0.848676434022	-0.505602479791	0.910099713387	-0.723730890626	-0.569919972971
b_cell_19	0.502155015303	0.15348821817	-0.512066247448	-0.936055366866	1.8976540421	0.706881646348	1.93367327673	-0.830917481431	-0.179265976453	-0.425538459716	-0.432495172103	-0.171097756649	0.296299740613	-0.652745805849	-0.445903090717	2.30292568752	1.7474639987	2.24159435601	-0.698503586407	2.19289456056	-0.198409577209	-0.587811121204	-0.857367502731	0.0635795352176	-0.904061638325	2.23543829714	1.10636854439	1.83558276462	-0.223049434418	-0.43964865895	0.0645138703362	-0.760384438503	-0.576530502024	-1.00755078296	-0.589817886658	2.80150096257	-1.84996795073	0.174073579779	1.17954115199	-1.66006245315	0.169575844725
b_cell_2	1.16552096211	0.285316615327	-0.464512757977	-0.745141411341	1.71058058264	0.17510692139	-0.317970154839	-0.685231717758	-0.293104185559	0.111373334795	-0.127657013352	0.310389781635	1.03826596947	-0.637093898457	-0.479336836146	2.40811128948	3.17324369232	2.46269825564	-0.563145462054	3.33266215432	0.840089719896	0.81656104374	-0.749330466061	-0.79095755066	-0.701386745852	2.255629355	-0.0733310936344	2.20364366355	0.39704005632	-0.519816379829	0.558191971828	-0.439046455967	-0.36859359205	-1.03048481919	-0.230693815195	2.01362914621	-0.104002243641	-0.33124202785	1.14194453428	0.242403452379	-0.369241505282
b_cell_20	0.744296818123	-0.0211907822756	-0.548530428662	-0.825910972192	1.52506220337	-0.0894584475945	-0.0888069029002	-0.681930735022	-0.404784618242	-0.344570274049	-0.400092564652	0.0185889937564	0.399471255232	-0.710866757808	-0.596804863916	2.27774122828	3.15264576646	2.27995782709	-0.842754967615	2.4618913309	0.290864481543	0.517391095254	-0.885506116356	-1.01590965087	-0.866292092321	2.03725899036	0.553835297993	2.19636908257	-0.201489232354	-0.505613449527	0.101797984906	-0.670465410824	-0.542509492365	-1.06153384836	-0.27807187792	1.93079890096	-1.44499311119	0.440862414993	1.00321954666	-0.934295152419	-0.353544664015
b_cell_21	0.314252009745	0.0387275333192	-0.589556017914	-0.950717907891	1.18791893178	0.011364840072	0.329470857191	-0.901134333839	0.00993939799473	-0.302849387057	-0.464837034924	-0.314506373016	0.517018409617	-0.361189508935	-0.554932132141	2.1205190318	0.389507136298	2.38560848138	-0.451602240885	2.8234766195	-0.0510277449032	-0.796489552017	-0.72551116366	1.44394118783	-0.910669381381	1.94048988409	0.668336123697	1.4494352631	-0.382983629174	-0.554195697743	0.0677696078826	-0.787355150756	-0.536239441307	-0.925778411164	-0.754550165502	1.98266521593	-1.89833548405	-0.176564246127	0.978735664332	-1.72221848808	-0.522686505286
b_cell_3	1.22071010167	0.377315572122	-0.333314394688	-0.69168663631	1.85499101406	0.932415649293	0.331950602689	0.477495444216	-0.109680713691	-0.122347827228	-0.193578424461	0.210638966347	2.05269668125	0.988782925025	0.0283672019281	2.2663204237	1.27896765792	2.17413154497	0.529184844875	1.83117811273	0.271386445356	-0.464334965981	-0.542825867004	1.00765927675	-0.69372690929	2.22567745082	1.02174521427	1.9272225814	2.30777021934	1.92837630604	0.200389780038	-0.0365623225517	-0.381321186454	0.936599669511	-0.349541853082	2.5001099354	2.31018354811	-0.024344255761	1.1950736029	0.684905795571	-0.460912076631
b_cell_4	1.0498601921	0.567672831659	-0.369567787553	-0.876178900059	2.19162134475	0.696706209899	1.9497279584	-0.802281212603	0.0182392599988	0.144738489454	-0.138053333042	2.1790225742	1.07805775435	-0.546650906585	-0.337694357127	2.42593683638	1.68122870424	2.50234291279	-0.120018278155	2.77651636806	0.126518457174	-0.439388407003	-0.72648658805	0.268083705235	-0.716015345218	2.40305653014	0.476072419427	1.90028627107	0.344381979755	-0.505318301884	0.585843169487	-0.523407221608	-0.353223785814	-0.959085523127	-0.305843818964	2.68416585252	-0.555391617046	-0.327239888922	1.35735716083	-0.326402850235	-0.236766692737
b_cell_5	1.1860347595	-0.0205490582647	-0.532530153202	-0.911076219153	1.64659153358	-0.866856362948	0.420750500872	0.545825466477	-0.394483219456	-0.0126638847977	-0.494040301771	-0.111159273161	1.00525130964	-0.746616694494	-0.767660539007	2.76643466868	1.20443426085	2.76728567359	-0.771203801648	-0.141361324371	-0.7441472613	-0.44613014294	-0.887240067602	-1.3342169532	-0.861131122646	1.15303692824	0.463954618745	1.32780025805	-0.511759982204	-0.428219236676	0.286226404545	-0.609818206768	-0.280466566545	-1.07061131585	0.123048554273	0.360855665956	-1.34332184345	0.234472438956	1.10078268358	-0.739088389502	0.434970285335
b_cell_6	1.30531206804	0.300282308068	-0.392053590229	-0.850365540243	2.09079432009	0.143675552458	-0.101902400618	-0.780465152466	-0.298755595445	0.191168695945	-0.18592179739	0.182743558403	1.10525062498	-0.695871395637	-0.456138973519	2.46234994712	1.69604865408	2.51749946804	-0.527237409526	2.47642845432	-0.0395505516085	-0.494586696549	-0.780893430149	-1.34520740356	-0.7282574036	2.31587634514	-0.132107770927	1.92950941656	0.315229612675	-0.547722567461	0.572316485195	-0.469572156334	-0.379052677494	-1.0369491489	-0.128288337757	2.34586715023	-0.438236098056	-0.403873144153	1.23541087322	-0.114390305301	-0.470689819976
b_cell_7	1.75437704111	0.270467113782	-0.395441031858	-0.849791131182	1.94873656466	-0.770387413693	0.123276929547	0.37146421235	-0.284843384884	0.631603931673	-0.278436205846	0.349297866212	1.61613874095	-0.688111781753	-0.664212993796	2.75099231137	1.32832653486	2.85048248082	-0.404829923165	0.146150102214	-0.633188146074	-0.375058677973	-0.784888621743	-1.24647914428	-0.693507865419	1.65963319442	-0.162818244041	1.55597554789	0.0520456618106	-0.445610338143	0.811279974612	-0.373584708217	-0.0399269370107	-1.03887231422	0.287591223567	1.19814047388	-0.165464183117	-0.219859441715	1.30857788495	0.293789041759	0.223214959388
b_cell_8	1.1162073524	0.381564652475	0.0818744087858	-0.209645058062	1.94948293036	2.14416308437	0.0520654159623	-0.550536005515	-0.0886905805004	1.33000671821	-0.080207886411	0.304272603645	0.816168174396	0.0503221699075	0.167407355401	2.24027871793	1.3173956297	2.22272259363	0.23980844066	1.64128218112	0.657811292023	1.37115348752	1.23409238681	0.527638422507	0.639907841728	2.13118251418	1.15660490394	1.75602381114	0.566325986561	-0.0914270810354	0.328677338371	0.813203460419	-0.293469443846	-0.134504184484	0.264821273022	2.48327895961	2.24884450612	0.375938030219	1.17399586378	0.353783511076	0.167928772186
b_cell_9	3.05496632047	0.626312166896	0.180656796787	0.389370566633	1.21208973432	0.557962651961	1.8126915964	1.50418926947	0.400645495034	0.114443294875	2.117472485	1.43443752564	1.00685523078	-0.331593103602	1.84117742733	2.0827707499	1.3707321152	1.87612377665	0.652212956379	1.23405518527	0.00391963728161	-0.0137509524574	-0.275679625362	0.852301528729	0.941093950067	1.70803129856	1.79110520964	1.62989643783	0.334227495812	-0.147587195491	0.248617363422	0.451876847092	1.80541312797	0.819927337038	-0.258102820461	1.79344589746	2.46946004828	3.25910273293	1.23585336758	1.38396019827	-0.153888539872
basophil_1	-0.83473060904	-0.516442010209	2.91877520482	-0.837146973398	-0.696348801817	-0.0661311862011	-0.824376318093	-0.917205321543	-0.537299107178	1.68113289603	-0.591954805374	-0.597615742558	-0.594437127004	-0.427119973606	0.703109778038	-0.550868594085	-0.458050128157	-0.501657051259	-1.19508977555	-0.562721753798	1.33615807341	0.0312370353125	1.26136762575	-1.72901439214	-0.775250354798	-0.822372087871	-0.885077186092	-1.33703849802	-0.95951749797	-0.560426940203	-0.50605667407	2.65845408258	-0.798794188279	-0.908191998834	-0.688152721809	-0.633054365815	-0.115833526426	-0.550318680462	-1.16527933566	0.145315374756	-0.355386009736
basophil_10	-0.940275040445	-0.620706954443	-0.751159422734	-0.804069303593	-0.724653898274	-1.00238278117	-0.710279890614	0.598558285468	-0.531342304206	-0.722760502339	-0.655644944006	-0.628536964642	-0.662472757261	-0.717812502013	0.100686185013	-0.535933080471	-0.541710307293	-0.56209723956	-1.23551470611	-0.503313357477	-0.774747294252	-0.813007022216	0.588776425177	-1.30824442245	-0.949861764229	-0.805525735297	-1.57566968873	-0.282798050916	-0.891523470298	2.89020625059	-0.525845829761	2.22697710726	-0.773893519031	-0.576261595903	-0.820839515465	-0.636194021573	-0.804560736818	0.0124111984515	-1.2754736002	-1.16300006574	-0.497450890969
basophil_11	-0.587817879076	-0.498629354914	-0.412254532576	-0.816692771681	0.271951976228	-0.371848537617	-0.128299098222	-0.884481405451	0.108688524823	-0.677033235402	-0.586003648001	-0.660832891192	-0.43642538014	-0.745172341269	-0.797680139132	0.780717270424	0.201565162523	1.34185697784	-1.11677217309	0.485876247155	-0.61722339301	-0.840131545452	-0.933451265169	-0.824996881907	-0.973407802691	0.461624931012	-2.15473659274	-0.00407547932962	-0.85678029623	-0.567036763022	-0.482582062079	-0.815560553016	-0.730263193554	-1.0452850408	-0.597222198776	0.843268078914	-0.998879065433	-0.229617404167	-0.210344597315	-1.44122600024	-0.635206285101
basophil_12	-0.0757151925477	0.073268380051	-0.526160542836	1.05332904011	-0.707223889269	-0.585424045012	-0.840155429275	-0.848274914405	3.13374676653	-0.739515446036	-0.518351047273	0.566494374819	-0.652912795671	-0.584242341725	-0.677806916014	-0.475343497971	-0.484183508231	-0.509003829974	-0.616152631185	-0.488426005138	-0.444711976966	-0.817229646185	-0.856920094545	0.578826576157	0.91339354642	-0.697741041762	-1.21258656961	-0.0875698809832	-0.560633338013	-0.566310911726	-0.458640033062	-0.537878884747	-0.607498191066	-1.032313004	1.32276420167	-0.608287571068	0.625430252839	0.311185988929	0.632310889623	0.842644922532	-0.171016293805
basophil_13	-0.836267450371	-0.565422501728	-0.629412330818	0.0681978054725	-0.549907883507	-0.345877183176	-0.646273205468	-0.723652554213	-0.541458529591	0.0849881706376	-0.626136955479	-0.81748406108	-0.704129708596	0.819089392134	-0.832357544068	-0.60043438313	-0.587012427244	-0.555659710105	-0.738155459136	-0.516291818637	-0.311018080346	-0.30095496558	1.22358800362	-1.33225284116	-0.954576405118	-0.78731228588	-1.50372276492	-1.12495438142	-0.788964207634	-0.0210597448885	-0.546756861855	-0.522162045087	-0.789746716859	-0.0684305963022	-0.260572671056	-0.602208373559	-0.718833756716	-0.325676877027	-1.24381508923	-0.946898549655	-0.560219640364
basophil_14	-0.806536087906	-0.547568197499	-0.612026851201	-0.795912019522	-0.681344445027	-0.766725536522	-0.393928186081	-0.454469969707	-0.311633924788	-0.701512306575	-0.596852635977	-0.787667780464	-0.553813440881	1.01100181884	-0.76008661115	-0.503705703388	-0.586780518122	-0.53281338637	-0.53645201185	-0.504137039113	-0.148049474544	-0.777070729997	-0.541789840746	0.802180827941	-0.953566952278	-0.74192659622	-1.38988102594	-0.843346348061	0.138415405977	-0.234778656612	-0.53999843693	-0.539736872532	-0.707155269586	0.789565888632	-0.70214842231	-0.604818564506	-0.673872768391	-0.325567611251	-1.06334937819	-0.492073319421	-0.660558814587
basophil_15	-0.769149200524	-0.332825820439	2.12295635674	0.864380185546	1.67434265792	0.498910669281	-0.792323767664	-0.71794355496	-0.575334168387	-0.269413187341	-0.560286081336	-0.71718308504	-0.718486715322	-0.59461386986	-0.312586839131	-0.553559524587	-0.556642731284	-0.491106148534	-0.475798293089	-0.375791503033	-0.485291330993	-0.142128175884	0.83513573337	-1.26926296244	-0.926066400703	-0.603676258238	-2.14125621856	-0.969536835727	-0.322471394727	0.181628292764	-0.43218126034	1.53853076698	-0.72677955188	-0.069315651014	1.55834733564	-0.0120358166837	-1.26099844134	-0.305031749458	-1.14317162482	-2.03751334847	-0.47726504508
basophil_16	-0.642629042972	-0.288176171221	1.68646703755	1.17371950385	1.52245573792	0.202152449659	-0.758721412469	-0.846840673499	-0.542532713619	0.112278633266	-0.52543235851	-0.751571430784	-0.71277039202	0.563923893491	-0.69223352932	-0.570367686314	-0.570983009031	-0.483581251584	-0.0431402308832	-0.341072730288	-0.288264035365	-0.343233252848	0.915672811424	-1.32607396122	-0.489625447006	-0.543911357682	-2.05219703169	-1.28139401099	-0.195841905232	-0.380581005093	-0.463280372963	-0.328608397265	-0.694016449021	0.0742845323518	1.16377468807	-0.148670001801	-1.13773289961	-0.525837431009	-1.13599813314	-1.62643453689	-0.539052063414
basophil_17	-0.222079855294	-0.44216958987	-0.434496992296	-0.364321825543	-0.669356753597	-0.967366839619	1.46272958272	0.81318383705	0.262472497348	-0.758650415765	1.18040491678	-0.179666398923	-0.710883676012	-0.705476540491	0.571202992675	-0.518873048652	-0.523675759014	-0.497111196011	-0.942219022454	-0.452057666387	-0.696940803261	-0.825638185519	-0.821410819976	-0.263089186897	-0.0947429584411	-0.564280289334	-0.87123560418	-1.26463019489	-0.803515100513	-0.399273003986	-0.513783683534	-0.594314229493	0.637985112512	-0.398545256806	-0.840379792255	-0.488215923555	1.03230859335	-0.179755304237	-0.250649783575	1.08635303628	-0.631622332211
basophil_18	-0.767089154044	-0.5902847197	1.30826386321	-0.792048822412	0.121740027911	-0.775410690935	0.00337776769265	-0.53977602411	-0.444036655209	2.31875218471	-0.638713030986	-0.794336142748	-0.798681278192	3.02218732672	-0.858297363602	-0.583338154948	-0.493951565645	-0.474009215313	1.26458744679	-0.522473666241	4.1883488404	-0.824884871955	-0.769394667973	-1.35649816559	-0.967307449673	-0.802946878815	-0.453396607518	-0.73464306065	-0.722076853976	-0.564303899804	-0.527613697364	-0.767497619945	-0.791360216993	-1.06853003276	-0.404702446733	-0.626808090871	-0.7711360122	-0.525759043522	-1.13783197268	-0.68242562401	-0.655735936475
basophil_19	-0.892757079039	-0.548922553233	-0.671671541774	-0.613938899451	-0.66302136225	-0.6745348596	-0.639555153864	0.0357025547578	-0.440664461642	-0.672423851965	-0.583553986042	-0.648890657646	-0.557075627891	-0.445426942776	-0.0840644707615	-0.528471596335	-0.532854118272	-0.523793422908	-1.10557575616	-0.495566943378	-0.417422948866	-0.79702078928	1.1050932403	-0.829514506986	-0.890447757927	-0.748037676113	-1.39558459461	-0.627863153279	-0.484841241558	2.37616554945	-0.531948761886	1.40534028377	-0.759990008451	0.593971370793	-0.558786779746	-0.620605225741	-0.6091314938	-0.525168668931	-1.21688196266	-0.467799238206	-0.542859388156
basophil_2	-0.685922908008	-0.279278272921	2.17316729081	0.870886397721	1.54013259415	0.0794919544906	-0.46920457078	-0.608888262903	-0.384193296947	-0.57885742285	-0.360114183312	-0.700527259421	-0.559360421383	-0.221471767484	-0.500339144752	-0.507465738176	-0.552289514258	-0.406020062698	-0.30299007343	-0.289180864058	-0.547534561464	-0.629445674449	-0.438843806173	-0.658485768195	-0.735813869661	-0.400709847426	-2.14043142729	-1.05617198959	-0.106606300601	-0.255834454722	-0.431339127287	-0.534375814769	-0.495731362088	0.16523051464	1.28395638427	0.220294921366	-1.02488118319	-0.193001196979	-0.876263309121	-1.67396891248	-0.540234198518
basophil_20	-0.957902711631	-0.632715222355	-0.73483680964	-0.864323492651	-0.734780461043	-0.0213388079472	-0.802978423868	-0.872114187617	-0.540536615732	0.252734500049	-0.663945025245	-0.636328305163	-0.723835424617	-0.72474658163	0.117868146414	-0.546095967393	-0.523935149831	-0.561467239178	-1.21675319846	-0.518518541701	-0.748609743533	0.457705089675	0.464671781064	-1.40500976841	-0.949542919768	-0.852791901791	-1.94250693187	-0.404724758912	-1.01935885706	-0.542714262388	-0.535275265536	2.33447127992	-0.798801020984	-0.978111261184	-0.410473131797	-0.640143511795	-0.670507323279	0.0406221423421	-1.27437936831	-1.43570671807	-0.557221378827
basophil_21	-0.733134711219	-0.53615051324	2.41898114638	-0.514644416665	-0.49072939519	-0.005729493586	-0.789331432057	-0.906510337262	-0.181436756965	1.9742676642	-0.604815311979	-0.416225560834	-0.705408918322	-0.317644881636	-0.817891115033	-0.53245693015	-0.453616759127	-0.487022098752	-1.04446710241	-0.543831232096	2.06573987001	-0.52480040218	1.27828978277	-1.53080646791	1.72156381571	-0.774547396792	-0.619440205898	-1.40309331264	-0.387327801972	-0.551560215333	-0.531294648608	-0.260673424772	-0.778124779692	-0.769873526298	-0.583537371152	-0.615153807221	-0.0769692738152	-0.465511828843	-1.19145481094	0.0487968742707	-0.389990556076
basophil_22	-0.890994263578	-0.621646932497	0.263576599688	-0.855288782354	-0.687392245591	-0.167123463367	-0.827935011635	-0.915491223955	-0.505531774751	0.737661360835	-0.672375062283	-0.65099116466	-0.817582632265	-0.66946636802	-0.891905136677	-0.595336443547	-0.555513471054	-0.57462673619	-1.23819696097	-0.551504528237	-0.0328074524662	0.076895610476	0.553559281735	-1.41448180229	1.28716276061	-0.848878330821	-1.84038869986	-1.13255232054	-0.769138161282	-0.564874109065	-0.548170858134	-0.658796075836	-0.805948124075	-1.03594455503	-0.858181261222	-0.613260804465	-0.6550229568	-0.000881392860631	-1.28281965862	-1.387340199	-0.458878557103
basophil_23	-0.768043539417	-0.563066989613	-0.645561448326	-0.407627387787	-0.734069112779	-0.735501685061	0.672559582404	-0.617206781219	2.84645027126	-0.733652317047	-0.594375318884	-0.798574975644	-0.730800938711	-0.489136557933	-0.777240552374	-0.555634815019	-0.567409756544	-0.511323744797	-0.764017825122	-0.545035335845	1.62091226091	-0.747420685888	-0.677788440667	1.06038319209	-0.868733784331	-0.799739798981	-1.02593475055	-1.3917628506	-0.992669239461	-0.552262706757	-0.419839825222	-0.642272866896	-0.7424955237	-0.960914141892	-0.883593002241	-0.607229524065	-0.635080236341	-0.569456849569	-1.11335835916	-0.458839270976	0.0566966350437
basophil_3	-0.961179742966	-0.586638236	-0.615158527112	-0.852223728544	-0.643938553065	-1.03802195195	-0.256909286267	-0.561202642095	-0.568521961241	-0.656044298416	-0.575867177525	-0.823051586178	-0.756940580783	-0.645440510955	-0.841477287329	-0.55719603532	-0.604114103133	-0.452892571566	-1.19273988128	-0.500195897906	-0.827067692671	-0.70824027034	-0.770047246979	-1.59122622013	-0.92823624204	-0.752972632744	-1.45038285718	-1.41982731371	-0.962344616312	-0.296041792937	-0.494705808669	-0.742602939571	-0.74750579563	-0.983529615094	-0.848449413095	-0.576460802774	-0.638072569211	-0.626361728243	-1.11586474472	-0.0758004467081	-0.630741165276
basophil_4	-0.462508769936	-0.407356134195	-0.48718746249	-0.842212103666	-0.674222999105	-1.08266015152	-0.198580321637	1.29431499128	1.42110189882	-0.716180212738	-0.267410146908	0.316401870511	1.42226455903	-0.766763030372	-0.134166844147	-0.376174854706	-0.407323997936	-0.505510676785	-1.1619027681	-0.4854509915	-0.867288281716	-0.841179661759	-0.920805553362	-1.41702111761	-0.0825836494979	0.0447081483889	-0.585448141297	-0.569424855921	-0.825857160703	-0.352934666437	-0.507127673437	-0.565610467565	1.26702680313	1.0770638226	-0.831062801583	-0.513871984031	0.892255521959	0.0881117172606	0.219499290396	1.00260541425	-0.564201971694
basophil_5	-0.297621308691	-0.392040454006	-0.593303366836	-0.858845648351	-0.696116268152	0.0310844014884	-0.829258832041	-0.891163667368	0.690334748992	-0.727308210765	-0.529346678942	-0.683698951077	-0.65715060685	0.161687691078	-0.768347870871	0.44023375154	-0.497141095193	-0.384315819017	-0.138947222945	-0.436256011391	1.00857894237	0.144066722613	-0.362409486049	1.56086432254	-0.806470113864	-0.174528987049	-1.63322929554	-0.214236921538	-0.762496261544	-0.550503299246	-0.49990735477	-0.628623015613	0.285305053809	-0.657311697664	-0.293565873392	-0.54487866658	0.559346542033	-0.0113844113047	-0.161115786992	0.516322100224	-0.621196219673
basophil_6	-0.868285319686	-0.547220739299	-0.281629872355	-0.605835548208	-0.433158628156	0.739676815058	-0.816888733085	-0.910433409719	-0.411665525709	0.0519838585822	-0.609173766885	-0.697201331616	-0.765356952287	-0.471415342306	-0.84530414391	-0.567052741156	-0.573993693118	-0.526701416295	-1.03908020437	-0.497790830783	-0.033409952876	0.497507903983	1.00022957237	-0.865226149725	0.563156608016	-0.781780124845	-2.24376739066	-1.12348219439	-0.701787473787	-0.54175543495	-0.536811110895	-0.615776933444	-0.759705159232	-0.689228611691	-0.326644429233	-0.521840557886	-0.845902987191	-0.661459395347	-1.24148026803	-1.16347027584	-0.573976986363
basophil_7	-0.849916814138	-0.568841113616	-0.562149213606	-0.569285138769	-0.622205014709	0.401078528019	-0.756545986826	-0.811538072433	-0.427734201967	0.052379058312	-0.577851970288	-0.640223657902	-0.641327231002	-0.570373948707	0.0602352544646	-0.524846414373	-0.509829627106	-0.501022244651	-1.03987657054	-0.505310167039	-0.352679070449	0.368591971454	1.10063723719	-1.02594851643	-0.901745704594	-0.803628756982	-1.77050094507	-0.773790637705	-0.785744302208	-0.312155101631	-0.530113714331	2.13152226567	-0.768650460534	-0.378003411651	0.214964151452	-0.613180402739	-0.68123138639	-0.62128318412	-1.20921722455	-0.709609141448	-0.536730141591
basophil_8	-0.323433025584	-0.385047006196	4.07421111503	-0.199522121857	0.0381900489111	-0.829425664193	1.18311623566	-0.766285203949	-0.541663006256	-0.679761199489	-0.26630471233	0.257732593648	-0.614632489898	-0.547841249696	0.100082618915	-0.544953077725	-0.559840013115	-0.377362285177	-0.419189173905	-0.291389322055	-0.570644324455	-0.735313605213	-0.594169770829	0.265374944825	-0.793821432561	2.2566392018	-1.92372776463	-1.1894436564	-0.793802755039	-0.452957949347	-0.442395791077	-0.538611990262	-0.549244502247	-0.755302436703	-0.211645436647	0.0582564762658	-1.86198589257	-0.122336933285	-0.594957360653	1.27865616338	-0.58483308606
basophil_9	-1.01926867101	-0.538129547185	-0.651538302414	-0.960795675789	-0.723616279242	-1.08735643113	2.14541214471	0.714957051655	-0.600035510594	-0.735420790806	-0.549900183471	-0.86276241391	-0.759556045263	-0.758728232984	-0.847520180328	-0.578618286767	-0.615382003054	-0.437884485957	-1.22571708591	-0.522647624093	-0.908567717186	-0.702870268651	-0.810245516639	-1.66238496615	-0.961662741481	-0.802085946576	0.765286265256	-1.53073654141	-1.02956123057	-0.322150214081	-0.42268979601	-0.774528569074	-0.785285869441	-1.08204689695	-0.911885733844	-0.639673071985	0.999406988013	-0.818169004613	-1.12480714421	2.28033437828	-0.662598258661
granulocyte_1	0.0310827766712	-0.4829071559	-0.258426154587	-0.415811724118	-0.453158391426	-0.775363704438	1.80814278292	0.868673512721	-0.416374092156	-0.608825574714	1.4828047053	-0.426916713873	-0.33011480793	-0.572649910977	0.298630092965	-0.439015315738	-0.459574494415	-0.381725283527	-0.644013818695	-0.12484914274	-0.637948190746	-0.614736596449	-0.627724637801	0.0423765193725	-0.0356516575608	-0.450447248118	0.476367285529	-1.10107673659	-0.532489416104	-0.280510333951	3.35944474757	-0.451874490909	0.732689594207	-0.551155567793	-0.689904611544	-0.380797392427	0.212503270364	-0.377479018894	-0.559982931992	0.561598967548	-0.463100306294
granulocyte_10	1.63206454464	-0.346504273011	0.0881012069744	1.01938721455	-0.316250997176	-0.340155516505	2.39588994139	1.52367131439	-0.196134926574	-0.51984246865	2.51135906945	0.0185957221745	-0.258603895805	-0.478516703573	2.62742281061	-0.323348862871	-0.25617131692	-0.161890217023	0.412285970954	0.139123443524	-0.270143213784	-0.363712877592	-0.244743481001	0.87894365355	0.562923501181	0.155459209222	1.44203621399	-0.76399805547	-0.0840544160408	-0.216166008194	4.02882764643	0.0451041533975	1.78626376071	0.760749912108	-0.597894027248	-0.0545566294405	1.21642255241	-0.245198369995	0.255331578276	1.20932644902	-0.445032817047
granulocyte_2	-0.505367122199	-0.370242548358	0.536314911175	0.130456479158	0.106068467581	1.43989747179	-0.272414907423	-0.66403351092	-0.512957914861	1.38232883638	-0.406863771629	-0.31814044648	0.023552963956	0.232024236988	0.0955816864633	-0.363927864215	-0.285755805728	-0.394685946044	0.0838131682251	0.265231164238	0.179614410455	1.34984511389	1.32451751524	-0.508283119922	0.27242985116	-0.605751996734	0.0138424769756	0.0416132788562	0.0044532276209	-0.18415169938	2.91609956198	1.15054076997	-0.461627279647	-0.152039772291	0.606856105463	-0.266210166559	-0.0832176726153	-0.203792057055	-1.07721374184	-0.392437592963	0.177029145105
granulocyte_3	0.00781401340952	-0.0983109826815	0.35378607319	-0.00202423016243	0.487210177236	0.00311420866978	0.979873602369	-0.0679431459055	-0.111969733876	-0.220723084724	0.0423503076294	-0.182495101115	0.909756235874	-0.325324480015	-0.407629130579	0.074727128739	0.243818170668	0.206993590971	0.424498632441	1.82958182474	-0.132091379132	-0.288966492884	-0.403719105038	-0.618568253123	-0.528559672572	0.0468118841146	-0.0294854510617	-0.0513443956795	0.482441901903	-0.106989917857	4.25038971971	-0.237780744566	0.232331473466	-0.177536703708	0.142038783554	0.135191790467	0.134285080547	-0.130434890462	-0.452913623113	0.805060488672	0.0702104535477
granulocyte_4	0.568507264536	0.117581379488	-0.445347870346	-0.741053583953	1.64965407513	-0.079653246994	0.0928279137824	-0.572834524622	0.146589072242	0.0343533118176	0.1156548887	0.117181055293	0.986423851037	-0.538137749672	-0.300954057995	2.0803108539	2.34726962755	2.26466274512	-0.300821889662	2.64961471117	0.173213458294	-0.184831158208	-0.541298314587	0.17992539948	-0.619185636252	1.95083385986	0.422646374514	1.96204648701	0.973154084142	0.267971918646	4.42245952459	-0.390892777602	0.0541852411514	-0.867883350786	-0.318081838551	2.07130560882	-1.23258383766	0.136289378308	0.966480896768	-0.74442803678	-0.0644578762853
granulocyte_5	-0.580338748978	-0.517464816335	0.295449947288	-0.401086616363	-0.283689720386	2.16046360061	-0.432995180671	-0.845291574229	-0.57909608852	2.0102881222	-0.492291306854	-0.408044048551	-0.150389669158	-0.0102806284413	-0.767667781392	-0.494715587049	-0.355411749477	-0.476591253966	-0.548171953551	0.131027963014	0.334233704444	1.9705200001	1.61040653109	-0.343263280263	1.53955418842	-0.708884941925	0.457540135992	-0.0979035363045	-0.138691936725	-0.492253604742	2.92187996154	-0.295962946161	-0.611853884974	-0.52537357361	-0.110077243061	-0.325778594956	-0.650242159032	0.00800010649345	-1.20007973177	-0.85166423815	0.200059515158
granulocyte_6	-0.381846056375	0.23189921297	3.50356320729	2.14837199891	2.41798306022	0.918660084394	-0.153547500959	-0.511139581787	-0.470339536152	0.0775322599516	-0.0359212270343	-0.626419700047	-0.446712865917	-0.159848489513	-0.200084026566	-0.549606981109	-0.46941868079	-0.447582154197	0.745683716801	0.0442979879342	-0.30946568618	-0.04640255174	0.182995767228	-0.906714585068	-0.055106911344	-0.34564590716	-0.824527287118	-0.876431042607	0.41571517961	-0.295931418157	2.7154420188	-0.305024900708	-0.2719902789	0.0506393718256	2.41071078326	0.889893624008	-0.948279622434	-0.140386903455	-0.88950578972	-1.65556475335	0.274933042722
granulocyte_7	0.452710206402	-0.442470214736	-0.23443057811	-0.634457502497	-0.619068905523	-0.799195288012	2.21035864573	1.49840860596	-0.335734470115	-0.68867847915	2.1941544198	-0.263169559226	-0.540282983411	-0.617008071591	2.82969503356	-0.574041732335	-0.515761606241	-0.479258892836	-0.605852715679	-0.392519468262	-0.667014518933	-0.724342058032	-0.604644426842	0.57714059978	0.185029121875	-0.205071440001	1.40828030595	-1.19059040537	-0.546733952446	-0.280884312186	3.89393296924	-0.555441735459	1.57306829997	-0.549262981611	-0.869263053702	-0.266675154419	0.0900231801573	-0.030456198423	-0.109020222759	0.514837856934	-0.48317682207
granulocyte_8	1.091164035	-0.481206899167	-0.19613502121	0.119017851844	-0.441643816416	-0.696443565389	2.35924331643	1.5142727627	-0.397399027605	-0.558855513172	2.40565930854	-0.140615899678	-0.376021666348	-0.520142994838	-0.099473519472	-0.401590272697	-0.434031344127	-0.250799501917	-0.187785370488	-0.119917576433	-0.476987285973	-0.561879421538	-0.336238743433	0.640343996972	0.51965774338	-0.20166471294	1.66734524841	-0.931842531849	-0.453304906089	-0.220435916362	3.82860544962	-0.13915829076	1.59895387928	0.245591427194	-0.713149880412	-0.455758351021	1.08226121413	-0.234028498136	0.05286219013	1.25819307002	-0.471767979678
granulocyte_9	-0.610451454414	-0.529872793469	-0.320582321193	-0.475467165578	-0.48705037505	1.35340409163	-0.477216302828	-0.468401952463	-0.523906346406	1.31217913806	-0.455748982265	-0.335448390963	-0.06261929602	-0.297490793007	0.831774152189	-0.421824788773	-0.319513032461	-0.430078387129	-0.631249769709	-0.0448347370567	-0.388891773249	1.46712901565	1.29751265486	-0.643650589023	-0.716416720173	-0.710507660266	0.281365540767	0.657563440756	-0.319300426339	0.330632393178	2.62904699731	2.73448687845	-0.652138547192	-0.386597052431	0.446743280538	-0.544457195999	-0.448187011126	0.167268820979	-1.21838510376	-0.690177177491	-0.0330118592296
mdc_1	-0.717191190937	-0.44183605743	-0.637506138998	-0.214280315881	-0.624972024056	-0.871990228373	-0.528831650688	0.46996088029	-0.588273938363	-0.730285360217	-0.608508336389	-0.688866622918	-0.201050088578	0.0308310057993	-0.65475179626	-0.603571154648	-0.537322728496	-0.46947684055	-0.513008035481	-0.451691383574	-0.532307285119	-0.708509547605	-0.567732005788	0.685382031887	-0.929689166158	-0.664635673348	-0.0980325230508	0.191049918291	1.48196282338	2.47588667148	-0.402268313161	-0.463007677967	-0.634024522841	0.559277233994	-0.608606060511	-0.557441711483	-0.659900385295	-0.301221751521	0.13426565618	-0.441542871004	-0.589592925911
mdc_10	-0.376404664252	-0.171180388763	1.28674349989	1.42448575789	1.13721965696	0.411755192458	-0.662465514832	-0.632997534835	-0.568331459387	0.414301617005	-0.579426623442	-0.697264527544	-0.648708742872	1.27272205147	-0.466898076838	-0.591227271499	-0.451165031095	-0.324920609875	2.0026982159	-0.350101140361	0.450438386674	0.214067744811	0.967659702123	-0.191254016082	-0.807305276879	-0.505990840481	-0.905935044653	-0.895474932795	-0.0575939239655	-0.0612086856897	-0.285787551103	0.351925507152	-0.439054282347	0.265758959891	1.36337426598	-0.0568459266554	-0.571526441333	-0.450252966401	0.193595672674	-0.662552115377	0.366182551234
mdc_11	-0.0378202569019	0.413695897062	-0.281185183805	-0.655409128625	-0.648848005361	-1.01483966614	-0.0164604116298	1.97860730135	1.08389529109	-0.626238665622	-0.153919196215	1.15009544674	2.63771017295	-0.687519402835	0.457386962643	-0.502921913886	-0.173897472221	-0.43163854037	-0.406632185976	-0.443684063223	-0.811851896367	-0.705239667588	-0.813976448963	-0.926093641715	0.426783071978	0.880181771161	0.831443385725	0.100924501264	-0.457460132181	-0.14069209083	-0.284576341538	-0.390331829852	2.15520451239	2.43244815067	-0.648898178373	-0.352916157805	1.15027916773	0.193126155231	1.18674028402	1.32439104403	-0.435450544051
mdc_12	-0.175760115124	1.16739397112	-0.205580736647	0.150490710688	-0.334940810082	-0.737331226821	-0.817138244327	0.587550473137	-0.120348179897	-0.714852736321	-0.0486303275561	7.48682266947	-0.656371196958	-0.373797631315	0.00649434872455	-0.474573267986	-0.0197776109954	-0.417047633802	0.47183242823	-0.514769810206	-0.299174619087	-0.744008475253	-0.643644406264	1.23887223383	0.229076550109	0.266285487671	0.396166197063	-0.871279548775	-0.384321124332	-0.440958949673	-0.457415924458	-0.47258917508	0.149849239576	-0.927777751305	2.02946395601	-0.489999765806	1.25991151443	0.281794734567	1.28890588316	1.27429848708	-0.197712181296
mdc_13	-0.401973767805	0.140692273118	-0.485393615847	-0.902426091068	0.854032985653	0.283815044102	-0.326175086405	-0.847905413708	-0.387184007618	-0.453347747494	-0.546728061177	-0.499124222798	-0.00955578680026	-0.673855812523	-0.659514745453	0.714682105713	0.8276064131	1.83448513783	-0.555769985265	1.03286830274	-0.417585231084	-0.512831622871	-0.878105136569	-0.393649958954	-0.928740510167	1.53292640102	-0.847780174477	0.652489255158	-0.47536732294	-0.549906909428	-0.127126124993	-0.733195959689	-0.608623140597	-1.03984177603	-0.552777778979	1.77057463372	-1.14457427797	-0.372851425051	1.0214468752	-1.01499357694	-0.569779767708
mdc_14	-0.173793343593	0.026261213328	-0.418594619731	-0.382362825547	-0.660568000642	-1.0180892634	0.871779776816	1.03157238331	-0.042160149	-0.740512750046	0.685718617288	0.131581210679	-0.665898906112	-0.695885850173	0.205314993416	-0.619135283842	-0.306277620496	-0.488329284564	-0.454110316229	-0.489125002828	-0.790976919258	-0.738782051494	-0.864753089617	-0.265754591274	0.0496362339712	-0.292689268277	-0.047682885992	-1.18177326608	-0.751486020117	-0.362803033592	-0.419424057827	-0.674586038325	0.811521073243	-0.219833186434	-0.747568630919	-0.479707154326	1.15081111352	-0.0330893616254	0.8542047622	1.1134063704	-0.568391603041
mdc_15	-0.151981680311	0.141632752681	-0.428206707479	-0.782832990187	-0.658216696441	0.180499093266	-0.853099943311	-0.871790708495	-0.202751817689	-0.714871037344	-0.523925461284	-0.616737978018	-0.601376350637	0.64875551845	-0.720124972754	0.555571044895	-0.423665568305	-0.158019945512	1.01736272286	-0.412077446939	1.10448130746	1.01089603358	-0.153354677969	2.08110422581	-0.835680904426	0.217669189523	-0.730995520749	0.628633244359	-0.478963694687	-0.531645036878	-0.320512075312	-0.513053348556	1.21456041012	-0.503040887543	0.188551810299	-0.519366425134	0.542664386049	0.164041031815	0.980261834734	0.407273560005	-0.602157426837
mdc_16	-0.394611999723	-0.214886790367	-0.490188368387	0.619170698169	-0.646070107515	0.747658846816	-0.843606931502	-0.484796929015	-0.575264384333	-0.537228266059	-0.568664888615	-0.644470961871	-0.68200304273	0.312438602247	-0.737686579192	-0.610511387044	-0.515935368153	-0.478339542093	0.160933525488	-0.428551926138	0.39819407296	1.9217244069	1.46317893523	1.28933565809	-0.805967037668	-0.75044761941	-0.070612599819	0.341495743321	-0.565381544643	0.776510473299	-0.383128078878	-0.309194679514	-0.628480684047	-0.224833246298	0.260052631339	-0.432434467403	-0.0653432948555	-0.101718281253	0.641246105942	0.0548263463215	1.00216237137
mdc_17	-0.201358961781	0.272683740328	2.67876727428	1.8761172987	2.38562390591	0.630139665482	-0.0397818024561	0.0744441076571	-0.140158519576	-0.583437484877	0.0386962208323	-0.274898484183	-0.295287632804	-0.452741626378	0.230948403602	-0.358820086617	-0.27023778708	0.0397898714522	1.55232429044	0.133000632997	-0.417835805742	-0.514550019579	-0.594696192393	-0.519140902789	-0.369970294568	0.405450152259	-0.802911355378	-0.594465346983	0.55403912519	-0.402940312251	0.0816529154187	-0.485544613731	0.40557084154	0.934799389033	2.20991143838	1.08809080997	-0.398562596625	0.0904007501805	0.581819303119	-0.854629738982	-0.193300417995
mdc_18	1.2678554626	4.67393601116	0.175120734963	3.2712328665	0.446164185642	-0.795046926817	0.596184575683	2.705754242	0.814991887682	-0.592854175511	-0.177827048569	2.60213131252	-0.283339454612	-0.441086316824	1.24319071298	-0.21155548424	6.01277548781	-0.368041653936	2.81651361386	-0.440632004085	0.574210218385	-0.607751163137	-0.470463189092	0.681093212191	1.2975635553	0.970375416708	1.1764825663	-0.405161052219	0.129936287822	0.259742606631	-0.231388503643	-0.0540693667225	1.25940827928	0.192035336571	0.182697610145	-0.266828806656	1.34481312261	0.214085223831	1.94156279669	1.52840736505	-0.371276716418
mdc_19	0.582098692039	2.17544598345	-0.181320815828	2.61390970279	-0.032172999431	-0.799774817231	-0.487907505498	1.91200083042	0.915053468204	-0.673728078402	-0.222814345965	1.26099912269	-0.565818275077	-0.504813954344	1.17492227479	-0.458073814892	3.77400066199	-0.472618091188	1.38837407132	-0.478697052038	-0.138589839709	-0.644302549903	-0.487901157778	0.861122293119	0.772784577091	-0.398437849616	0.645410059021	-0.681378929681	-0.0841119614436	-0.164733519854	-0.36543678061	-0.383207105684	0.966666592134	0.138349338668	-0.202693914147	-0.41625191507	1.00587813361	0.0843951128507	1.55214946858	1.23951317052	-0.470167635963
mdc_2	-0.65247071834	-0.416102513759	-0.58428610137	0.328717926513	-0.609589092363	-0.421076916782	-0.736697912317	0.501972804059	-0.58580192128	-0.607424953416	-0.624024644439	-0.52705275157	-0.571610563445	-0.360492925668	0.235674042366	-0.612430629554	-0.443740427904	-0.413755970727	-0.616737249543	-0.476887376771	-0.329326023675	-0.405314905424	1.44532090114	-0.221926558383	-0.85209224829	-0.695264589079	-0.289229699528	-0.333022860387	-0.48628913007	2.75883528142	-0.383246961464	2.1417385808	-0.520905428992	0.845727861995	-0.163848013089	-0.573975435106	-0.638066736973	-0.392656865599	0.158692521786	-0.429281696219	0.631324136501
mdc_20	-0.358288770062	-0.165235712241	-0.262776982621	1.13270825841	-0.670937044926	-0.156528289718	-0.83780602212	-0.78157531352	-0.557600915993	-0.387752006749	-0.58089066018	-0.459164770385	-0.503703530908	-0.204288411641	0.673158012909	-0.551421838079	-0.384349437601	-0.422861674047	0.106227643557	-0.511411392662	-0.123319082552	1.0729058872	1.34083559851	0.695902960142	-0.743346200812	-0.787008675135	0.273830359221	-0.857637941432	-0.766707462634	-0.28277354341	-0.381576097694	2.73592133571	0.320059936563	-0.0141115351876	1.47977470866	-0.578360596507	-0.0471984057089	0.000633967068695	0.739517629225	-0.0381626830414	2.4940956395
mdc_3	-0.411763140355	-0.150456415796	-0.451456881976	-0.71307375976	-0.653684120486	-1.05877036678	-0.276436903312	0.991898491279	0.340409724919	-0.729793443937	-0.262532047518	-0.0152855443129	-0.32562216807	-0.733378788985	-0.249553063394	-0.557629852392	-0.502405289789	-0.480273838528	-0.81016808436	-0.489387110751	-0.872448098055	-0.73891809181	-0.91538958649	-1.25102870945	-0.157156812595	-0.136537839267	0.0517763374458	-0.667668855168	-0.800694850959	-0.413475130727	-0.42370827963	-0.62656592314	1.00920012987	0.504581609843	-0.763457633683	-0.486527189249	0.843907173655	-0.136121679361	0.740903841193	1.0029045471	-0.568049412754
mdc_4	-0.581498962661	-0.350615021455	-0.533508439461	0.332874586729	-0.666393995334	-0.656966395182	-0.530326771678	-0.346569556232	-0.522237048385	-0.620297786291	-0.60687865813	-0.75961308967	-0.3816251244	1.42707622231	-0.606579947576	-0.58990310318	-0.551971688865	-0.470586707029	0.660737531639	-0.504898679429	-0.153556537129	-0.596480012141	-0.575568557877	1.10749115038	-0.918789520261	-0.726082268753	-0.0941773497883	-0.650463633152	1.30144945753	-0.275661296216	-0.455217074278	-0.49302485625	-0.340002693905	0.564136718269	0.102991794303	-0.561617077862	-0.255993974838	-0.295799161231	0.329574353446	-0.143736773776	-0.582221568707
mdc_5	0.497831934206	1.43809220568	-0.0552451032198	1.23847708151	-0.51049827594	-0.809877919252	0.628279120572	1.87746244257	0.882800959238	-0.676998606156	1.00431601213	1.16343022975	-0.341022708958	-0.542128029464	1.65598077554	-0.556771018651	1.09904479996	-0.425299010616	1.54585217031	-0.411766556404	-0.502714007252	-0.65614398976	-0.510816437601	0.531989737556	0.723203983986	0.417509840861	0.908708075462	-0.731947326041	-0.210637404445	-0.156753702228	-0.310049212306	-0.385278093898	1.74383558948	1.49602878711	-0.380963832307	-0.254981998215	1.2556229187	0.191103311844	1.54086153983	1.40127834393	-0.471867084377
mdc_6	-0.296315104848	0.764645007259	-0.430245463651	1.42062761372	-0.549048022355	-0.950602162879	-0.608215024029	1.16181175115	0.444611053839	-0.734656700418	-0.399989152819	0.344344369791	-0.69150106505	-0.646202907979	0.0103909171812	-0.540344470627	2.35716016801	-0.514180250158	-0.0106091738963	-0.523679384545	-0.487973305457	-0.740846478017	-0.820997547569	0.275975554321	0.215204991718	-0.646784598253	-0.646299800654	-1.06402777471	-0.596504457961	-0.348392542761	-0.432122004402	-0.60090367605	0.164477322955	-0.454736186103	-0.475092420513	-0.565706632862	0.905711672405	-0.0721029221537	1.1568895379	1.02622970533	-0.529281694225
mdc_7	-0.551530464324	-0.374563688454	-0.577043445595	1.20836877127	-0.5717465222	-0.456449399975	-0.676396309669	0.57321232303	-0.598081852914	0.0841560008602	-0.646847778863	-0.440043221881	-0.740231230457	0.145195033751	-0.783160301695	-0.650733608225	-0.505168516136	-0.422787898166	-0.121728096961	-0.536415675182	-0.398819901218	-0.682206766168	1.46611279878	-0.653682605999	1.67492726132	-0.638850033076	-0.330651002744	-1.03056470108	-0.330296650978	3.24567775173	-0.39835398223	-0.1795155956	-0.457773873517	1.09923414653	-0.0933691731166	-0.559960765726	-0.514278483063	-0.678907298779	0.368792182891	-0.224077934362	3.27880427596
mdc_8	-0.881190834888	-0.405507397678	-0.377062397378	-0.667679358056	-0.554366030779	-0.863609255717	0.219093434859	0.0181067960575	-0.56551012799	-0.476100473857	-0.497045930515	-0.796599932382	-0.674447515984	-0.443931804407	-0.762680079712	-0.617420914157	-0.553713051552	-0.184826070674	-0.87859323463	-0.466202606107	-0.770856801144	-0.224127374766	-0.320115607063	-1.17519056167	-0.809871305948	-0.674090043879	-0.301686315714	-1.29951663984	-0.831338044555	0.00063743294264	-0.0560757417288	-0.490593212587	-0.682940010052	-0.898135571844	-0.52984157338	-0.512570848658	-0.517250877398	-0.625897998424	-0.323062923866	0.587438559037	-0.441271606705
mdc_9	-0.292915820297	0.0829992409337	2.00362723556	0.771627743282	-0.37185742371	0.222081093612	-0.843360917428	-0.754980586007	-0.537050599654	-0.0856207288677	-0.614822437173	-0.33655721863	-0.704358673383	-0.131833081267	-0.79894887944	-0.619539433388	-0.470616627103	-0.468059872665	0.0717820777531	-0.517952294227	1.71454463767	0.525309349201	1.41935713485	-0.0793219770913	1.88756570001	-0.750036549861	0.370862119057	-1.24879327648	-0.181031315358	-0.168393501785	-0.435175924161	-0.173775876098	0.065724548977	-0.371389207464	0.538737583875	-0.510815223737	0.0286526993819	-0.106545152649	0.999404533295	0.0191395416505	3.34845769065
monocyte_1	1.07857100124	0.467993464583	-0.0838584589332	2.03251075502	-0.609341686342	-0.752365799196	1.09188231741	1.5355242837	0.86806825908	-0.677963171496	2.06067459955	1.03938145298	-0.503749001459	-0.528448599211	2.57222661984	-0.383566385108	0.401152907594	-0.41794051008	1.7389828518	-0.387449615218	-0.448712906514	-0.648189916728	-0.440492825928	0.93364595967	0.777916075168	-0.228957341971	0.922667816856	-0.361076674871	-0.225699138188	-0.313648772786	-0.342804165299	-0.219916656413	1.76347757754	2.34227251985	-0.654004250754	-0.297106780221	1.6974097215	-0.10167197782	1.09757878011	1.65763656501	-0.495479511902
monocyte_10	-0.318851934478	-0.435723207555	-0.503663880967	-0.620351134911	-0.728827267433	-1.1076782927	2.00912738917	1.69630183529	-0.0300655621545	-0.723512313136	1.67293509579	0.611877052474	-0.671705889949	-0.7593468124	0.604592887071	-0.53901054903	-0.447949007062	-0.501742336693	-0.967050731563	-0.51799174801	-0.853476341653	-0.820273335564	-0.991349372544	-0.256107562454	0.615311131576	-0.493838065269	0.0885941976424	-0.84373833872	-0.774269958877	-0.258943259086	-0.313437297748	-0.574059242906	1.53354818519	-0.680529997628	-0.933126552278	-0.554206893924	1.60425282227	0.109299521601	0.229341600097	1.26404495233	-0.485126165087
monocyte_11	1.25676497023	1.39049521882	0.271597028552	0.848597093006	-0.558140933769	-0.794643258059	1.84864669587	2.14085768001	0.921208140117	-0.618389791799	2.28083642301	1.88290229327	0.328314303008	-0.524113039016	2.99686224196	-0.383429022309	0.126017900306	-0.351765319704	1.12834946971	-0.362885781821	-0.488365822708	-0.636217089341	-0.571597868167	0.648849326525	1.06286418108	1.30787027579	1.77205183354	-0.392632152678	-0.0524448185942	-0.0725571948299	-0.215304256673	-0.196679083735	2.46364465218	1.89037182177	-0.398295609958	-0.0158026175345	1.6224256267	0.2785199652	1.52716394531	1.60905999859	-0.402290361596
monocyte_12	0.577004776286	-0.185427623553	-0.153250554088	-0.539512146027	-0.640249231332	-0.894586749551	1.83787970563	1.54815378907	-0.115033387165	-0.701564100981	2.29968838306	0.248454353912	-0.700580247396	-0.646693181332	-0.00652190324295	-0.545993165998	-0.447826177213	-0.482966794185	-0.543266291628	-0.468958056087	-0.672958200353	-0.775980385543	-0.738384748153	0.593103020097	0.519434514967	-0.108554783665	1.74614191354	-0.980230356867	-0.675758315079	-0.302325370259	-0.238726876277	-0.615174000068	1.69039191438	-0.11697645298	-0.824760058064	-0.499296796785	0.330421864077	0.0915193370797	0.708807120726	0.722093799731	-0.511131585588
monocyte_13	1.98592504734	0.892045566269	0.272518499727	1.09352994168	-0.407062254869	-0.64363738058	2.20650400339	1.83941802581	0.545237873555	-0.612449153521	2.63498580557	1.42419851298	-0.170276240787	-0.46524355426	3.81399150757	-0.35522695076	-0.129332742948	-0.297425541349	0.978182414424	4.020765399	-0.175881097053	-0.571618590657	-0.493945859386	0.92225480478	0.950817246897	0.656166560341	1.50351417891	-0.393571767209	0.0173186834901	-0.160975745155	-0.173368396577	-0.0813185140394	2.26371665016	1.46081288902	-0.406747675547	0.00876527048996	1.43513350195	0.485349424168	1.10460034805	1.5241133374	-0.379959532598
monocyte_14	1.30856274672	0.430091478492	0.202436097166	0.384873671388	-0.463943378273	-0.751695105763	2.15846505057	1.73393083559	0.0812081800285	-0.617352479279	2.55532758656	0.962303734062	-0.407422291868	-0.543315475105	0.314255634105	-0.395790932059	-0.193218528731	-0.33013704795	0.416270975687	3.92616868211	-0.428968870635	-0.633271611244	-0.549991947037	0.66002306278	0.911285984703	0.0604650286486	1.74147276219	-0.546161833288	-0.325887718182	-0.200861818902	-0.241047570759	-0.182169319827	2.09761887573	1.43609454358	-0.540448694044	-0.43177701584	1.46539302168	0.184059188761	0.93760181571	1.53411824405	-0.461899851247
monocyte_15	0.302073005084	0.512233868191	-0.0717598728378	-0.350637293813	-0.644510098279	-1.00437471174	0.735556390739	2.1424014583	1.08932994278	-0.591729778752	0.990923862329	1.6487111517	2.46432760776	-0.664094826087	0.569173116579	-0.264871516944	-0.049765724097	-0.422549699464	-0.203644510219	-0.4354656284	-0.772206481506	-0.710124824496	-0.798563327639	-0.544727222011	0.735438498102	1.01084297739	1.47160139357	0.0246001202691	-0.428541420115	-0.0946114598088	-0.247395256038	-0.293422310722	2.37090394423	2.76022804432	-0.623748644568	-0.364552066689	1.34348429527	0.265192492608	1.23570321098	1.45433280352	-0.411551716282
monocyte_16	7.34879588762	0.302922433186	0.258361789032	0.496963253629	-0.357610005062	-0.530066899176	2.06016603814	1.73044691944	0.214669115279	-0.189436002682	2.38078760183	1.54198469679	0.871354252257	-0.27689313239	1.91313474027	0.566872328674	0.462339465487	0.287304154003	0.499806060543	0.0364354784445	-0.430362634247	-0.104019929687	-0.19003577369	0.703986653988	1.10976126116	0.318500152256	1.59740714742	1.02340857889	0.0848916600505	-0.0507243610825	-0.099992036653	1.06565107488	1.98816174159	0.981713802299	-0.344469054469	-0.114895689851	1.20252036076	10.7562540066	0.936852259937	0.951294207514	-0.238272734278
monocyte_17	0.525443657139	0.334105942585	2.85491754449	1.44686094303	1.47955466175	0.0697699497253	1.40886034323	0.880459066144	-0.0453665290913	-0.62770854909	1.9883831608	0.225971116638	-0.557976556685	-0.586816978735	1.60698183582	-0.461515765163	-0.428659692116	-0.371645800238	1.54251521999	-0.0197061007046	-0.503443227259	-0.708536877043	-0.741937184214	0.289381353871	0.377663659531	0.404504823828	0.783100486175	-0.87024033864	0.128813877528	-0.377904076544	0.0983400943179	-0.53502429272	1.26140336737	1.09253001706	1.19188920206	0.589301834805	0.627979638316	0.13301773518	0.642030463588	0.335909654163	-0.270117785701
monocyte_2	0.602826514573	4.92136702225	0.0298576789295	0.217255670061	1.18486624955	-0.900842178228	1.9935426188	1.42401191175	1.2151367208	-0.688675037967	2.40129914851	0.411538881169	-0.633295933325	-0.602216235393	1.24341931689	-0.313000044945	-0.479337563795	-0.443198189769	-0.284068664143	-0.444019873256	-0.581287305249	-0.724674513731	-0.637494784052	0.664173197912	0.716529193122	-0.0967800749208	1.55305653301	-0.862223711454	-0.589263074809	-0.297369460809	-0.192860755545	-0.368638135323	1.89849608152	0.562261626209	-0.793442115074	-0.451421510039	0.549805745446	-0.160501530315	0.675689736847	1.06901478207	4.67909976761
monocyte_3	1.21630905517	0.12942503067	0.282639718231	0.601315910839	-0.422753874093	-0.74475691149	2.12291192071	1.65654573199	0.214889698802	-0.650548877905	2.58640356244	0.912583125426	-0.404497021588	-0.396930094576	1.74436633408	-0.433948685718	-0.287659196111	-0.315622684872	2.75913436707	-0.294089090185	-0.440614464131	-0.641699938815	-0.484729225959	0.80590155388	0.866654304162	0.11032898293	1.76755400525	-0.623591160066	-0.239195013947	-0.227679311741	-0.251939819888	-0.189872078034	1.99264660408	1.4910669581	4.09105902573	-0.279499729931	1.30628420558	0.134836637158	0.915719887296	1.48717226867	-0.470281048275
monocyte_4	0.995977308273	-0.252704922431	-0.0971841831237	0.216856024117	-0.593676192365	-0.770291783306	2.17885953181	1.46656306004	-0.176458638374	-0.666994696374	2.47189793668	0.183615504591	-0.559663271626	-0.577466439338	0.50966331037	-0.45460097856	-0.435659153857	-0.356890900074	-0.192213081672	-0.359410819562	-0.572546692421	-0.652560024762	-0.521361790688	0.713801612858	0.658170528015	-0.181894182837	1.34890467855	-0.991936283769	-0.507515968551	-0.300538444082	0.122422895613	-0.30676473135	1.81358493159	0.659071188615	-0.766253971336	-0.454048718182	1.27380740749	-0.274359672198	0.6103798413	1.40499470664	-0.525187078075
monocyte_5	1.04998231614	-0.0522075356849	-0.0508066055873	-0.29379541675	-0.600588275543	-0.45726915412	1.85274231528	1.69215018183	0.0109851794941	-0.674215006374	2.49045417027	0.726004999133	-0.630074250258	-0.612217295005	1.73886652298	-0.504739423057	-0.342470532917	-0.476332915154	-0.405618377504	-0.421071419814	6.42388581009	-0.788776600247	-0.574678383294	0.660839252236	0.703840814085	-0.203985923614	1.99583047932	-0.719082719408	-0.492921081787	-0.269233337637	-0.267369666311	-0.466614183296	1.89082925008	0.527334802402	-0.845525171153	-0.403408169981	0.37296829112	0.545400728853	0.826902378503	0.880633932005	-0.455464167931
monocyte_6	0.303157652432	-0.255352616536	-0.366742550982	-0.206881565296	-0.660012534307	-0.951751065988	1.46379117362	0.803875980157	-0.18875216662	-0.730513824936	1.82339335053	-0.14345736837	-0.659458217028	-0.672870880435	1.15208119687	-0.519285111946	-0.501348990678	-0.485777362556	-0.46371771024	-0.459740194004	-0.733637693325	-0.736736955264	-0.844628759691	0.273394386772	0.178686669004	-0.379817188918	0.490895163081	-1.16081689479	-0.733347784755	-0.438424193638	-0.321813931783	-0.571522809275	0.953710171837	-0.0930610016144	-0.811445372076	-0.426364205102	0.809123623338	-0.188788202652	0.480680342675	1.01153990807	-0.592790987348
monocyte_7	1.34355120749	0.00300763007264	0.223795863826	0.821041320318	-0.543106901194	-0.655789031674	2.15826304381	1.70551926048	0.207399378511	-0.644461941038	2.62522485957	0.928926019587	-0.475791922514	-0.502232556188	0.405737979058	-0.427697329369	-0.220127643776	-0.308572284944	0.509405891136	-0.297728777231	-0.467330668319	-0.587707877793	-0.448450941068	0.832956713034	0.93899498788	0.167751553685	1.67808874038	-0.401996101878	-0.072616424696	-0.197572737916	-0.202688815721	-0.175464317439	2.12609075827	2.14762652803	-0.651141367697	-0.368893656055	1.78684133761	-0.217697594533	0.973840874873	1.72374564916	-0.508822297262
monocyte_8	1.71808067883	0.252761250613	0.203655146192	1.41928338691	-0.545585978826	-0.600535264579	2.18081984612	1.7192071704	0.460142356042	-0.623865731364	2.65813051974	1.02265448762	-0.433245398899	-0.466711552247	3.23376935318	-0.370510772407	-0.211258164644	-0.297937537271	0.937679653083	-0.254279001511	-0.390762935902	-0.564555496129	-0.373416017635	0.993152558128	0.92206397524	0.304282356504	1.49393786078	-0.319058328583	-0.0548869713459	-0.206652381391	-0.225509869844	-0.0856161139457	2.2056227309	1.81641773873	-0.627539697567	-0.0959810457927	1.85555093465	-0.103915341057	0.982540493789	1.76854935759	-0.474890615885
monocyte_9	0.965795131815	-0.079123899981	-0.013559369293	-0.24684645778	-0.610005482475	-0.822270321046	1.99464036449	1.62065594482	0.0705296665028	-0.695456383185	2.44134444231	0.525961506706	-0.65179174223	-0.590748059597	2.78279445332	-0.531647683796	-0.420637984801	-0.467445936484	-0.186608865383	-0.408480252839	-0.597773329778	-0.728391565364	-0.669443079284	0.726021416243	0.687235531731	-0.045794984062	1.58599487541	-0.879572017327	-0.47095770134	-0.274828494963	-0.29808634204	-0.522883288909	1.91942717121	0.498610943999	-0.789246624383	-0.296011938142	0.907689554551	0.0845236967496	0.750410877932	1.12345228083	-0.523084733568
nk_cell_1	-0.42792668868	-0.511238943198	-0.648182494667	1.22884849135	-0.662406915738	-0.780549379532	-0.422093487839	-0.642253341721	-0.54376835648	-0.6166450736	-0.477700303033	-0.617818325764	1.63669326998	2.3809930995	-0.273767890832	-0.474885647287	-0.453163183191	-0.484618042386	1.3005930987	-0.485430273969	-0.327120484586	-0.219997657864	-0.719673724104	0.849912458256	-0.8587770562	-0.562969262043	0.372543398913	0.0236091639122	3.1055247113	-0.491556690154	-0.396370285708	-0.220273712069	-0.495829530748	0.539772367656	0.45681522514	-0.515565506164	-0.221343305615	-0.385336608995	-0.428709885289	-0.0697194715468	-0.603779190328
nk_cell_10	-0.506797964521	-0.56040721491	-0.688382150939	0.0590361722317	-0.659850774644	-0.579149049461	0.0978222489345	0.989573966781	-0.545826254365	0.396614704884	-0.481604624172	-0.717264082029	-0.0173819360507	1.19759480937	0.685161165981	-0.512175850452	-0.510016334894	-0.451921044478	0.0612433137252	-0.488858875894	-0.0978954252972	0.157544463827	-0.84010940742	0.686147251249	-0.908928097255	-0.608622558144	-0.187902993816	-0.233028085093	5.15002013166	-0.399200802853	-0.42110470443	-0.109787150189	-0.767202886831	-0.818834725242	0.384690190112	-0.285084900699	-0.421438211421	-0.347976831455	-0.823893645117	-0.148099584813	-0.608225596773
nk_cell_11	-0.654912048132	-0.55233104945	-0.700129477925	-0.566868615664	-0.721308070357	-0.807655735214	-0.262227073924	-0.125124289237	-0.581660644422	-0.689557495077	-0.539259556955	-0.598706760999	2.45999349427	1.72545874124	-0.518078432197	-0.481769734242	-0.434089257724	-0.526511335693	0.256503218472	-0.480702488229	-0.358570544561	-0.679491490514	-0.756532458982	0.961888978688	-0.905818482758	-0.505208925169	-0.0135067258406	0.221161791156	2.23208228524	-0.389788244377	-0.432105391959	-0.384864516891	-0.770793604561	1.48281177512	-0.590643778773	-0.57563977372	-0.489866473636	-0.34953076524	-0.905566447001	-0.270705271012	-0.60034368277
nk_cell_12	-0.859899970571	-0.638089426071	-0.775550777283	-0.650782441483	-0.708663290828	-0.352957990998	-0.783002139969	-0.810427520909	-0.630327264339	1.01485406711	-0.652727320023	-0.531735338317	-0.507174779117	-0.435776154441	0.407692647852	-0.521665056554	-0.463918580356	-0.535722282558	-1.01118769301	-0.508831118426	-0.84684444553	1.08421060295	-0.151154464243	-1.44103732773	-0.856556609642	-0.854570647616	-1.33301255645	0.250810442355	-0.795217818339	-0.397783797918	-0.450745270466	2.53609467346	-0.745078021921	-1.07605800829	-0.199942344156	-0.640891162977	-0.452478112047	0.347516812184	-1.26053167058	-1.13947341479	0.314764505533
nk_cell_13	-0.685662670395	-0.469955319662	0.0917575195021	0.272691504463	0.130325344788	-0.253215535444	-0.650790527664	-0.700925324791	-0.595445761434	0.708764962033	-0.507608662205	-0.651631829167	-0.322006133137	0.587014600897	-0.442460917758	-0.462657192722	-0.447520688149	-0.393128858483	0.146193383186	-0.385470019388	-0.491529320798	0.558326249179	-0.476232681935	-0.974850649242	-0.636814048942	-0.589553394277	-0.927512941838	-0.421137633511	0.134549502439	-0.306048383291	-0.337819491476	0.217732715228	-0.634707385224	-0.478299385137	0.247280967281	-0.316432923332	-0.415538454394	-0.357039042508	-1.01690542709	-0.651017998598	-0.0564751945848
nk_cell_14	-0.873993692665	-0.632790213508	-0.790587805019	-0.576334023553	-0.736402399835	-1.05148004887	-0.720743077207	1.04567628376	-0.629786994869	-0.657259148763	-0.636496606542	-0.441130617326	-0.0557452051682	-0.639661233417	0.501073072044	-0.507017372235	-0.513215526143	-0.531861623304	-1.18390089284	-0.474223930619	-0.861810375221	-0.706669455716	0.108866134009	-1.25642806996	-0.826532203795	-0.776138889059	-1.013327229	0.545269189481	-0.0934766849661	3.3954660805	-0.380757338506	2.60878833812	-0.741040504234	-0.372925064079	-0.767253707214	-0.617079438531	-0.489294828187	-0.0892539263524	-1.23849225469	-0.721739579178	0.412991564392
nk_cell_15	-0.656096054097	-0.551368260154	-0.693738786697	-0.724016000608	-0.637960336514	-0.807732463141	-0.19816768904	0.82168965259	-0.550095790757	-0.647360739814	-0.46397854385	-0.329916846061	2.9301529085	1.37356193029	0.00462005912035	-0.380345285344	-0.29367631859	-0.49248069952	0.040491827782	-0.413252074305	-0.373015978303	-0.705392000228	-0.699807422748	0.998968359201	-0.830052036315	-0.254163389307	0.0600632344136	0.98980842804	3.15617019015	2.81696813955	-0.332643334522	1.55581961518	-0.730491373394	1.61251734509	-0.744581514598	-0.524362356055	-0.217841075085	-0.31223045951	-0.960779028772	-0.0790500636616	-0.558315672225
nk_cell_16	-0.929816731854	-0.631439725597	-0.810765957016	-0.954023566153	-0.742896785927	-1.12573419917	-0.553405914152	0.846303244206	-0.621269713532	-0.760723988379	-0.650735973985	-0.662507794145	1.98011279304	-0.284514517326	-0.81110080609	-0.546600237056	-0.525008509076	-0.575647372246	-1.11492940915	-0.488439470805	-0.861676426466	-0.857987563275	-1.04541902241	-0.276229754029	-0.981003398428	-0.622220201982	-1.36143958086	0.435490609156	0.576307733175	2.93376055084	-0.425042685141	-0.52531239273	-0.764654282881	-0.569230779733	-0.972042762955	-0.645877204533	-0.341873544271	-0.223041807749	-1.22242870173	-0.563452056402	-0.609504812476
nk_cell_17	-0.9078906281	-0.641909064742	-0.278115421552	-0.685102095678	-0.656158950705	-0.337069559029	-0.859918869895	-0.879034373688	-0.642781879024	1.1509892777	-0.67379077329	-0.62127383702	-0.717468471619	-0.430469410328	-0.883080185889	-0.592923213722	-0.542069365872	-0.569162545259	-1.0929984983	-0.543675934322	-0.641298478407	0.700981025442	-0.166253689394	-1.39348176555	1.23063708956	-0.856178592246	-1.60358970157	-0.600680786005	-0.448406771174	-0.462540133961	-0.492667051982	-0.596374363181	-0.771899955275	-1.09279857861	-0.720743045735	-0.567871014596	-0.504938411675	0.246934169836	-1.27232615015	-1.25282130665	0.875671157027
nk_cell_18	-0.087454182908	-0.405283830901	-0.470171107923	-0.785876955478	-0.567050973861	-1.02710841152	-0.688951949268	1.42824717841	0.330076744955	-0.595079066687	-0.467367440361	0.810710232829	3.48997209166	-0.671236409978	-0.36714388314	-0.227876810665	-0.164567815636	-0.48508912926	-0.938918431696	-0.431247797003	-0.856167036146	-0.724056512955	-1.04634288893	-1.52146486395	0.102720786875	0.288153719012	-0.0706447196035	0.685723097537	-0.291219950033	-0.2394603324	-0.324073388658	-0.381263050154	1.41996936718	1.74823795385	-0.761672208346	-0.490319737133	0.557630551335	0.271315601599	0.150226899369	0.86050224381	-0.465009292772
nk_cell_19	-0.613632795516	-0.561912672073	-0.728968664912	-0.866607763487	-0.688304764476	-0.881939251955	-0.309947709329	0.667101778952	-0.599299877073	-0.72078993648	-0.567236291533	-0.512410699883	2.64313368489	2.02046435334	-0.615426138311	-0.489989818538	-0.449271239787	-0.544498095358	0.0141139008464	-0.444170320048	-0.44171936118	-0.803480927889	-0.804123665626	1.10128956181	-0.941653538839	-0.442629821062	0.546724831267	0.903410137122	2.57149573725	2.54846157136	-0.392340932272	-0.571468471124	-0.746473562133	1.3192120493	-0.871808645189	-0.579887301324	-1.05255013203	-0.0633300393143	-1.09927511103	-0.800189780273	-0.589896895285
nk_cell_2	-0.584036989957	-0.556077402012	-0.580332172941	-0.794804979205	0.00221691871471	-0.537910490979	-0.504144844823	-0.858262721789	-0.60136276045	-0.629081966278	-0.56370960159	-0.647880658624	-0.104013059419	-0.732293449429	-0.816781458215	0.648629814821	0.772496114416	1.41150917217	-1.02212501518	0.557130112778	-0.649657805125	-0.536458782547	-1.12049108785	-1.07084312593	-0.948931498314	0.424410831433	-1.77924975281	0.71834303284	-0.621522995449	-0.544838638201	-0.329450813391	-0.802550665154	-0.730852156712	-1.07502035787	-0.686927801257	0.700129372874	-0.938038135485	0.0239625365881	-0.285243170514	-1.24037497997	-0.567386850821
nk_cell_20	-0.752391485212	-0.529073860898	-0.702032675103	-0.83829312554	-0.649718319948	-0.700916186829	-0.0180585236182	0.605454700537	-0.535833752886	-0.631524820674	-0.438565062781	-0.328143382086	3.2483950142	2.49804853556	-0.321506048817	-0.370589187059	-0.21248357837	-0.496100738383	0.807090356897	-0.419631016543	-0.197159206439	-0.697103611831	-0.615171249986	1.28685772482	-0.793115553228	-0.0790360405165	-0.30499522478	0.89391670655	3.2377587052	2.59513678479	-0.336283726318	-0.207013498948	-0.730220884114	2.19614156277	-0.789388606197	-0.514617791154	0.126657492803	-0.466135156084	-0.98339433036	0.287612862824	-0.552970198577
nk_cell_21	-0.709791530403	-0.579246910484	1.58226499503	-0.534668519349	0.359095397679	-0.704612896636	-0.359355150706	-0.72522634698	-0.615588122303	2.88950641706	-0.619646055993	-0.761879090871	-0.669964661537	3.87812518734	-0.807362554361	-0.573357333034	-0.438906094084	-0.430405190353	4.3170638209	-0.516644360761	3.52094336844	-0.50569743138	-0.911843594388	-1.40954414395	-0.862719064667	-0.772488523131	0.0240169106081	-0.386003740793	-0.516729987174	-0.537945005241	-0.421419266597	-0.653127744908	-0.770988980582	-1.01325723503	-0.491821087706	-0.589551735347	-0.652631368689	-0.47980605529	-1.07996999794	-0.592653306526	-0.556847338498
nk_cell_22	-0.834642865577	-0.573867213224	-0.702703593023	-0.731781204897	-0.678312609779	-0.921207385231	-0.433507884939	0.366559852469	-0.611246400054	-0.756675926238	-0.573737965514	-0.701892944449	0.009060802111	0.745329594711	-0.637724038472	-0.545771370785	-0.573773841411	-0.537657853603	-0.406170834331	-0.468095147789	-0.55075170996	-0.761631453201	-0.830437500716	0.683267612922	-0.941109050764	-0.672533360078	-0.426779695182	0.367426959382	1.88407927867	2.51269498898	-0.435896192945	-0.420609395876	-0.754470556161	0.844690089091	-0.833745565765	-0.587373503816	-0.646362538621	-0.307241796288	-1.01127725398	-0.395678653015	-0.624089892539
nk_cell_3	-0.660409102016	-0.553058692061	-0.702674448529	-0.425232060264	-0.630933072577	-0.949616734222	-0.37370754304	1.06936532732	-0.575876918107	-0.689287247989	-0.499944730713	-0.434102213961	2.72573904447	0.0422114677858	-0.449160752418	-0.417254666863	-0.367152795877	-0.50801151399	-0.620500807178	-0.386092322793	-0.606062285044	-0.737275770408	-0.786879433362	0.616436349992	-0.867657047147	-0.303760053034	0.121343360005	1.06262031244	2.93435148607	3.30090615914	-0.348434554204	-0.44911437629	-0.688057025709	1.09442661179	-0.69588970238	-0.542944705266	-0.288837574946	-0.350293356736	-0.837344612504	-0.129308107544	-0.521262964863
nk_cell_4	-0.489133948269	-0.510399521438	-0.177459076744	-0.674350978694	-0.57831655057	-0.959471959441	0.966105773579	0.304111511543	-0.589486205966	-0.71686463044	0.474644181385	-0.404548110061	-0.220325468145	-0.606216712299	-0.0340640168568	-0.502746781534	-0.532927259385	-0.469926047632	-0.817606721616	-0.431020934655	-0.794535222714	-0.658333301495	-1.08803242263	-0.472059894895	-0.252208661055	-0.406745919388	-0.708367766516	-0.928816371066	-0.36167314833	-0.278218000794	0.0565424656934	-0.638344486434	0.0528032944424	-0.62880264517	-0.793284857024	-0.41294854554	-0.198628538163	0.0107700984184	-0.728605613065	0.140245566859	-0.490290237777
nk_cell_5	-0.756586474197	-0.560355831652	-0.687213534411	-0.560313767229	-0.715916611361	-0.785048919157	-0.391989725692	-0.468663358074	-0.609722678157	-0.715717302	-0.566901733182	-0.762428898833	-0.189564286818	1.9055817483	-0.646588883903	-0.55337544419	-0.578725421017	-0.530889971092	0.348519654903	-0.506969320551	-0.347700862522	-0.64354551313	-0.79429838424	0.992880072804	-0.938142459899	-0.747396940061	-0.330617339882	-0.248517101346	1.59577944749	-0.415860228763	-0.463126137059	-0.452620172916	-0.777909634411	1.15459934542	-0.662532336537	-0.591182034859	-0.716602155301	-0.322704851281	-0.965006268923	-0.444514380766	-0.628239137735
nk_cell_6	-0.323202854907	-0.448374655549	-0.670576728874	-0.864557588995	-0.728107719182	-0.324781502877	-0.867068371896	-0.908012521382	-0.543144361631	-0.761555256949	-0.572700636555	-0.672625149851	-0.641443967936	0.447874234751	-0.824234714627	0.647737872275	-0.53609356872	-0.450246404265	-0.027832299691	-0.445433586065	0.507230492822	1.39959990563	-0.686124749155	1.83077407631	-0.935404607594	-0.146199505803	-1.41079964107	0.693818133737	-0.725832653961	-0.544486684602	-0.420315794867	-0.743841345875	0.619899972834	-0.767897062455	-0.442329481443	-0.591569782481	0.18839550987	0.32601149425	-0.597669071161	0.0496661954838	-0.627047362242
nk_cell_7	-0.725118459652	-0.518303616201	-0.69425652427	-0.835452267296	-0.714734281571	-0.506468049106	0.0704063860108	0.090060464002	-0.515820403187	-0.640086225262	-0.405578920991	-0.393921243202	3.16676427325	2.99735047703	-0.346414765764	-0.373432080495	-0.227648646197	-0.482459505626	1.56097238389	-0.446015237001	0.147164990903	-0.664353274968	-0.50778629237	1.57299480547	-0.805661083658	-0.197309623859	-0.0198172685774	0.58505776683	2.96663757953	-0.367186346733	-0.341665882013	-0.25684766127	-0.777830918524	2.74896056082	-0.702174767627	-0.526162061038	0.059874127551	-0.477196247528	-0.92811045838	0.287113337563	-0.584511064111
nk_cell_8	-0.581950146151	0.0465878771705	2.32479053131	1.39856654381	1.94785595443	0.471430438195	-0.505859201837	-0.359888906708	-0.583642062639	-0.562001628062	-0.360791371704	-0.659635078623	0.15245775026	0.471801322638	-0.456141977727	-0.481936711178	-0.504659958281	-0.357290715641	1.32714329816	-0.147986846143	-0.456021293014	-0.59236505492	-0.819916887886	0.101660954198	-0.827993671598	-0.179944110063	-1.2732770906	-0.340202806981	1.25526966251	0.480575892772	-0.172975346642	-0.416877105621	-0.493738642204	0.916210963434	1.71085328207	0.532815743208	-0.92583396199	-0.125002064066	-0.838193193734	-1.42780450392	-0.264406305995
nk_cell_9	-0.678659713535	-0.541256730855	-0.702588220857	-0.807482507691	-0.717266483519	-0.709750117875	-0.0657772610963	0.0821069773817	-0.537817680312	-0.649437228149	-0.453274061001	-0.420234958939	2.61816749575	2.36479826566	-0.000225782310204	-0.403491740853	-0.31988611694	-0.499398897019	0.758609984527	-0.469223593718	-0.12600970778	-0.659775771906	-0.637738959784	1.2920224867	-0.827506813855	-0.395942690304	0.0291108348659	0.489258282159	2.86242590637	-0.322500979986	-0.362491535483	1.61121868549	-0.780344540216	1.89778776666	-0.698540924508	-0.541159088338	-0.311021646377	-0.274025479743	-0.970962238848	-0.128116600605	-0.60384494225
pdc_1	0.162690352211	0.457811555089	-0.323367149002	2.34566392936	-0.636815715642	-0.28107839572	-0.868495271864	-0.896412410397	3.55084720678	-0.717378093427	-0.37562612222	2.26290216034	-0.490716254553	-0.463310030144	-0.69282277291	-0.412578187945	-0.419167624783	-0.499304548014	0.847057666221	-0.427700061637	-0.429666682391	-0.6683819974	-0.807787504213	1.11356691537	1.56135243978	-0.658789800252	-0.106941555706	0.873429640617	0.0252435127856	-0.551198958105	-0.151141464353	-0.34087292052	-0.5022084169	-0.966572265182	2.52602330202	-0.579727970938	1.57937081069	-0.0519192666095	1.26536954379	1.56347822901	0.750229779583
pdc_2	0.571402362974	6.55797772921	-0.120185714497	2.45277982436	-0.538874954894	-0.621380097551	-0.747662610033	0.196572694558	3.32589255639	-0.725552338068	-0.218636561726	3.75363236201	-0.519553394623	-0.348734458326	2.87450676493	-0.412315770461	-0.368758855169	-0.493713272383	1.13087735191	-0.455638662907	-0.284616231541	-0.637032001459	-0.622766663144	1.32714926257	1.11162709295	-0.397736341083	-0.180059369152	0.282527122818	0.901179825503	-0.438442824872	-0.17100011211	-0.452482523843	0.778443010222	-0.508649891213	2.12171210005	-0.321157336445	0.492708254615	0.16320940881	1.48776523479	0.924942838398	0.407627009465
pdc_3	1.24568250338	0.378735865083	-0.406174877871	1.73652360961	-0.678477314591	-0.338591418887	-0.863251067429	-0.890662158869	3.5327079575	-0.748489474942	-0.520531436992	1.15579528875	-0.678269674768	-0.540832969099	-0.796764996863	-0.49441720674	-0.479482114189	-0.549356209602	0.283584205563	-0.463155941675	-0.559447353405	-0.765801734578	-0.832205500196	0.955769923665	1.61827276439	-0.636500722167	0.409037418691	0.962034519074	-0.332966252654	-0.555557037964	-0.269814175754	-0.481813708205	-0.533451567563	-1.03236561959	2.44278869263	-0.612074180974	0.211091986537	1.70166941291	1.28222395696	0.690374684979	0.502912103929
pdc_4	0.0299442408931	0.253576675292	-0.406215831341	2.1694026432	-0.677999228148	-0.418412777007	-0.879601667476	-0.900079435294	3.47341358115	-0.736470390916	-0.442917382555	0.552305675227	-0.589170740232	-0.530884856543	-0.772150871868	-0.477583544305	-0.444795776032	-0.503236392639	0.594199195629	-0.451484393185	-0.556473273588	-0.689864152736	-0.91471549064	0.889240952725	1.41724753125	-0.71227177456	-0.393316174321	0.604365425262	-0.239263359802	-0.554367977937	-0.186513540067	-0.452234435268	-0.584985730667	-0.98254662922	2.18639596195	-0.604967551222	1.2589551507	-0.183429015918	1.17629236819	1.35684669297	0.574448919139
pdc_5	0.159016104472	0.469824099999	-0.270134720811	2.14896402074	-0.619942594737	0.0432219596581	-0.862174335177	-0.888781206724	3.5153190689	-0.557644386785	-0.390475025393	0.749195398026	-0.50248910262	-0.377157438686	-0.66375776479	-0.362536059282	-0.39080041484	-0.452370221124	0.920621209301	-0.42237957279	-0.339545681456	-0.419850037868	-0.333933350052	1.09174880866	1.59349638098	-0.650818625508	-0.0127911561469	0.843758149346	-0.00671363032609	-0.53939423092	-0.13748505396	-0.0901071858559	-0.473747955567	-0.927176658749	2.48809438886	-0.575264766534	1.54239777099	0.0587125085164	1.25021287747	1.46338956429	0.758550232689
pdc_6	0.494602697349	0.738318462472	-0.254190026184	1.86964095957	-0.641883155176	-0.0946909110025	-0.858956604104	-0.886098426118	3.60972853159	-0.720413340964	-0.402390680979	1.33185354507	-0.52028417601	-0.422537253217	-0.668931290644	-0.390771358701	-0.404807407509	-0.478633231563	0.984797061811	-0.3982575877	-0.389559865187	-0.686573889339	-0.730607877409	1.1271370048	1.70705341507	0.763364180687	0.25055811895	1.16454754316	0.0433433143082	-0.540605360341	-0.153278504896	-0.254303542191	-0.350190555457	-0.949689127683	2.76116282583	-0.509453413486	1.74561287948	0.718088492499	1.42733657765	1.66873784223	0.711825604969
pdc_7	0.0686272816262	0.155982567418	-0.492719915408	1.0660901907	-0.708725387864	-0.589184013942	-0.875959302598	-0.863711342541	3.33057978422	-0.749729862192	-0.547911012184	0.541745904992	-0.64060930985	-0.600120134235	-0.799966881867	-0.494037574669	-0.521605607372	-0.541749846535	-0.016198690433	-0.478097970075	-0.682411709069	-0.750603763077	-0.927974263323	0.521500150647	1.33271374798	-0.633979055918	-0.501026854531	0.458107279454	-0.465088184107	-0.555942189128	-0.260050960695	-0.580009389321	-0.584906145328	-1.00936948333	1.67464308941	-0.616238583906	0.791366196768	0.535008112905	1.11456442559	0.984727519621	0.413394099627
pdc_8	0.102728097731	1.00447595269	-0.126568548396	0.0348134283402	-0.523172635437	-0.81983179668	-0.197140067855	1.55788671439	2.48322084637	-0.720219012276	0.245665921346	1.38440905568	1.50544740093	-0.564352685422	1.25363233243	-0.141341851413	-0.337299294307	-0.433194628021	0.311626156611	-0.374721928222	-0.734454318748	-0.582812857889	-0.615543851213	-0.649913512095	0.767873544778	1.01311150863	0.731785007146	0.807382802365	-0.0678126914858	-0.182921810494	-0.167427335137	-0.420763195089	2.09417331276	2.27047652994	-0.341221394413	-0.162334004039	1.36408053353	0.521601603381	1.34158851063	1.34112348381	-0.00829511221535
t_cell_1	-0.616319669728	-0.540613873905	-0.570172865578	-0.394413606466	-0.643794792107	0.121134462357	-0.640075126565	-0.831029758305	-0.562181873737	1.36773917905	-0.50982455676	-0.354764800922	-0.369002632621	-0.366275405163	0.988414735248	-0.378871648995	-0.324924554212	-0.380216078734	-0.355171416603	-0.499903695037	-0.297182439363	1.75462898881	1.3400251587	-1.13959287869	-0.709158313317	-0.803702235028	0.229419315186	-0.116963044479	-0.654679034055	-0.472896702756	-0.354477521059	3.00412126375	-0.730815544532	-0.494575621932	1.75113791436	-0.583876314139	-0.45191119102	-0.264638702813	-0.898400777517	-0.449695904998	0.745610009552
t_cell_10	-0.368699532583	-0.509838764838	0.0718448520992	0.657425049921	-0.0310410475604	0.963559963716	-0.81476117592	-0.868070672371	-0.584901708814	2.48353149593	-0.559144421302	-0.268287039788	-0.614325865276	1.29122555047	-0.767963542523	-0.492834910423	-0.386174647855	-0.465776627138	0.62499790023	-0.532592311321	0.58587500684	1.35434109292	1.67623620724	-0.918523491076	2.01140821596	-0.788706089412	0.494977328218	-1.10170363853	-0.0756789447888	-0.405228463698	-0.43233452416	-0.0493197133105	-0.737833185398	-0.2741024633	1.35748358726	-0.328587071274	-0.0863345010111	-0.36791847721	-0.970846384226	-0.128590626868	1.54800985917
t_cell_11	-0.392835014803	-0.0799175515485	1.82122238681	1.49640469109	1.73950351928	1.66339531388	-0.613011753465	-0.708892118152	-0.544064009346	0.885959541988	-0.3178234043	-0.449839595989	-0.528717429493	0.0868583783633	-0.277271426971	-0.453490212894	-0.430014622414	-0.361886443087	0.840768531911	-0.215427493998	0.106244827783	0.984885288767	1.44723423913	-0.59150098189	0.56128745527	-0.302991482741	-0.443441655576	-0.509525908556	0.324610086488	-0.311605162992	-0.204915539122	0.372796337565	-0.479003454028	0.41571350651	1.51911516479	0.172373874659	-0.55366371392	-0.123162095987	-0.824597831215	-1.54274656118	0.197606361168
t_cell_12	-0.715734534447	-0.561357810522	-0.728358901198	-0.895538103238	-0.707031409524	2.77851263433	-0.873744795047	-0.915172418312	-0.555646175377	1.8611519135	-0.478637950557	-0.280362841311	-0.38543381707	-0.477993846154	0.921046258495	-0.376434517074	-0.30962294149	-0.468059268885	-0.865520812632	-0.448040018049	-0.253723964225	2.2023982248	1.54936518837	-0.513664787068	-0.740141942204	-0.816202667757	-0.0505506113038	0.872018864757	-0.663821191384	-0.567964059722	-0.32733401075	3.00823642581	-0.774894783931	-0.694334810891	0.45879309135	-0.61570604421	-0.585844828877	-0.238842841811	-1.0834946892	-0.716041033388	-0.491548922211
t_cell_13	0.558420182803	-0.044102008626	0.209886343924	0.173054256155	-0.171482847838	1.77989371746	0.96930214033	0.639526230322	-0.0749679542974	1.10539345492	1.25327571321	0.358451044397	-0.0241346355309	0.0801389049893	0.95746484532	-0.114800181471	-0.0820692762664	-0.0128969303323	0.252292535849	-0.162841763266	0.24690458833	1.49930313684	1.39502058089	0.593535005376	1.15180433759	0.0546145378973	1.36101244663	0.331160441696	0.140448309623	-0.0737039675228	-0.165724004447	0.686350980708	0.816710668066	0.78823821995	-0.0433974844282	-0.00773408540586	2.01278874217	0.351717593618	0.357484971227	0.785140861041	-0.0169290479325
t_cell_14	-0.309368272756	-0.468478782064	-0.275680996437	-0.490781603049	-0.549603322051	3.22196195161	-0.671130139406	-0.335847259503	-0.5003854784	2.41142321707	-0.373455611285	0.0695578484483	0.39242518446	0.458034301645	0.605161973325	-0.298495375527	-0.189903729518	-0.396259279669	-0.0992033757915	-0.356218137324	0.856762634124	2.45495874853	1.99137760401	0.576437759829	1.69773689262	-0.657639516597	1.39197331571	1.21885260048	0.783505287573	0.527066101399	-0.242003851544	2.23598689263	-0.69273719109	0.64852089253	0.354229406456	-0.431129054862	2.85853463125	0.638416035606	-0.890618613537	0.453845823462	0.172332040176
t_cell_15	-0.418567098392	-0.497657517294	2.30028646043	0.535318226915	-0.108879112191	-0.0890603894183	-0.790918144239	-0.874607607271	-0.577779484337	2.77932423026	-0.577925967763	-0.295783263667	-0.625279842864	0.58699343853	-0.803412035053	-0.496386983549	-0.377072493807	-0.43981632699	-0.209214888919	-0.546087604209	1.9479370484	-0.436017844317	1.50085451012	-1.45823832335	2.0459781473	-0.767994606925	0.596659336899	-1.24625502076	-0.179004146211	-0.411872110168	-0.435086303559	-0.10799593581	-0.739180471543	-0.554392035513	-0.369382170896	-0.609332977038	-0.261547849925	-0.289662113072	-0.864176213803	-0.0570219912589	1.69417869821
t_cell_16	-0.713303101319	-0.566193522723	-0.703907767686	-0.910125123529	-0.709480216403	3.17068446506	-0.87008103588	-0.913725553265	-0.616273310214	2.43590927206	-0.592518728204	-0.373225299546	-0.695605102476	-0.456473420753	-0.848561934538	-0.525717385913	-0.432909433252	-0.542814164785	-0.990844436887	-0.485885636867	0.0928928662008	2.35948672985	1.81371854541	0.0942313456258	1.83678731247	-0.819093025292	0.438124536262	0.507956086637	-0.448176364811	-0.569844927629	-0.432958995231	-0.474167878151	-0.778444036356	-0.545452578072	-0.894606213911	-0.620835972735	-1.61119689939	0.347550680851	-1.19945098035	-1.79542248076	-0.470301497844
t_cell_17	-0.61654478195	-0.526782278794	-0.640116428485	0.478058351945	-0.613991873682	-0.280638466175	-0.655350805034	0.425093244189	-0.593289230494	0.391813910963	-0.571067374528	-0.409281893257	-0.605925575603	0.180395765187	-0.765634649633	-0.513140387045	-0.509933800976	-0.486288677311	-0.566941694248	-0.51734372345	-0.262124773862	-0.508830736524	1.63784428298	-0.799691129951	1.72807098062	-0.672994706903	0.393450904058	-0.715523165656	-0.257441513223	2.84841514959	-0.413160589956	-0.0821782937948	-0.669871861823	1.29213214925	-0.364725597162	-0.592542903777	-0.568539602415	-0.389207744174	-0.856722464763	-0.401659552874	3.0381890715
t_cell_18	-0.536356600456	-0.50447554204	2.21152646426	-0.274517259711	-0.17455077578	0.911682461978	-0.846666135586	-0.903327927835	-0.591144521215	2.13309267612	-0.577917865951	-0.319192276643	-0.645762524733	0.267874239248	-0.806408390328	-0.503842448091	-0.417120114276	-0.480770628969	-0.502660368865	-0.543716988434	1.4517607567	1.44800890806	1.607525837	-1.19532104336	2.0061411668	-0.793048463734	0.401759270273	-1.21783328453	-0.224746477731	-0.514517362441	-0.447508119382	-0.179005661445	-0.755936513816	-0.580454991985	-0.173998808431	-0.49360139214	-0.387733396393	-0.295089373153	-0.911780438011	-0.301336277977	1.18651457934
t_cell_19	-0.937615554786	-0.623122549635	-0.742859974904	-0.975408988055	-0.742464777285	1.44288300317	-0.884165386812	-0.921232357327	-0.633809225682	1.41605461926	-0.655902942411	-0.536274969808	-0.767250834592	-0.636573506075	-0.884604794089	-0.571081184912	-0.521691457961	-0.574703323268	-1.17523248319	-0.518406778138	-0.482643072423	1.55548945725	1.12775310577	-0.813186777147	1.57590246309	-0.854280956229	-0.953885079785	-0.0995327200287	-0.611547311101	-0.577615831575	-0.482436167168	-0.606941397328	-0.804212992342	-0.938585079574	-0.922843790153	-0.610724391623	-0.950523784707	0.125101770184	-1.24930688079	-1.6436671253	-0.38448427299
t_cell_2	-0.253486240755	-0.415453585665	-0.445786490745	1.35507009397	-0.685581522703	0.0818396764333	-0.821661315683	-0.868001303787	-0.534978472682	-0.089018592616	-0.448339429159	-0.329178207699	-0.291020289918	-0.0727998425324	1.11060860476	-0.287349412093	-0.341418282684	-0.406971728952	0.180417431492	-0.505216429067	0.0356100015129	1.77891816739	1.48025124272	0.96986006614	-0.548010293361	-0.785005933133	0.682316169094	-0.537387215705	-0.714594080243	-0.462477114669	-0.347245543187	3.08223706115	0.0877074647639	0.294314149752	1.82794533384	-0.584989016067	0.0646149762292	-0.0396188323391	-0.165052604893	0.0853791320281	2.84342240356
t_cell_20	-0.636367185322	-0.534577279013	-0.645951577535	-0.714183865734	-0.679075770425	1.31961304812	-0.823480001473	-0.863219837234	-0.591283317071	1.12247354323	-0.526920050469	-0.663952929363	-0.686645116076	-0.180992186412	-0.797341722693	-0.525579289045	-0.48744673254	-0.514162479906	-0.512295101502	-0.454380658435	-0.135903441799	2.29587259013	1.48562766631	-0.442547204999	-0.850023491949	-0.804087582574	0.0683368612926	0.536810545519	-0.720490119115	-0.397973156926	-0.416938314727	-0.482380390211	-0.77133650174	-0.627097314272	1.00033071743	-0.508958991454	-0.634480774392	-0.335047413787	-0.934462100718	-0.695652739125	0.435745361486
t_cell_21	-0.424675507468	-0.505554661053	-0.658471520614	1.12849293545	-0.466530147167	0.367798200504	-0.491579238516	-0.534495298593	-0.613771263751	0.988867781313	-0.560719212855	-0.778994930364	-0.363217131699	2.45253977318	-0.755284752946	-0.55980780539	-0.522273663708	-0.497325699566	1.00015358574	-0.516492879763	0.298631628926	0.805362699553	2.05096948386	-0.855296470443	-0.917169957851	-0.73908122492	0.507342513542	-0.788236561631	-0.39362414186	0.401904902192	-0.460401965173	-0.355992545026	-0.765770962071	1.08341691296	0.423014113924	-0.601709452224	-0.630435295201	-0.327677627833	-0.972667861936	-0.512994507473	0.36931285147
t_cell_22	-0.78340572476	-0.535109271844	-0.651187389759	-0.899193079758	-0.70258862038	3.04446891709	-0.879635530405	-0.918773302391	-0.582955966207	1.71936426612	-0.529294902132	-0.316498084908	-0.638397086588	-0.372680281409	-0.824255515128	-0.484415222997	-0.442766727223	-0.518069373164	-0.91245064045	-0.49344754052	0.276335859679	2.15781474355	1.85292474964	0.236079679163	1.84668624517	-0.805205378751	-0.257124308678	0.0776453055733	-0.203711693743	-0.571229893971	-0.420449096361	-0.318235092918	-0.777043285792	-0.356367507905	-0.863593831871	-0.614042519877	-0.717157796284	-0.475644799937	-1.12217122805	-0.854267668575	-0.460234091173
t_cell_23	-0.366859963141	-0.447965490278	-0.663803977748	-0.131620806719	-0.704936092464	1.52663130971	-0.868304668749	-0.762460069262	-0.555506875228	-0.499771396028	-0.435497603724	-0.526953356364	-0.594550487295	0.131904912664	-0.650066338948	-0.461444674005	-0.504201224866	-0.519906480708	-0.243994168788	-0.390107054144	0.572628226057	2.57568165887	1.63863739077	1.58428305748	-0.609468144917	-0.771238225821	0.340982454567	1.19033490896	-0.445013280073	0.17893867877	-0.33889177634	0.0713228192242	-0.746018292654	-0.343145125508	-0.0544415696519	-0.500066958205	-0.347331337648	0.125812353063	-0.45529761532	-0.170207977946	0.336411930653
t_cell_24	-0.648888378236	-0.450526238302	2.93111532545	-0.584928286477	-0.498573989298	0.904220016435	-0.72688437377	-0.871565854589	-0.579460785893	1.8356774177	-0.528225860453	-0.332480549533	-0.364856400906	-0.21157324398	0.872972980173	-0.389409840131	-0.329978477427	-0.425259072612	-0.777130146762	-0.517760526724	1.14060269588	1.63188287835	1.55632191141	-1.23096780141	-0.378657311962	-0.663347981076	0.414650281047	-0.770697231055	-0.731577646603	-0.48316670815	-0.355523421171	2.88258437633	-0.744783047505	-0.575072459278	-0.545400601244	-0.564430161387	0.422018692482	-0.355763597565	-0.859410579661	0.316041847732	0.524089676637
t_cell_25	0.212750483521	-0.194955789238	-0.468716762819	-0.63388727771	-0.632381401209	1.00062763997	-0.752030694195	-0.813619630288	-0.167824386891	-0.576929194623	-0.265825813194	-0.477590711379	-0.386885761766	1.62094700473	-0.50964788391	0.919692667899	-0.383557568307	-0.405049969057	1.78967403803	-0.364848376517	2.04553553389	2.05707198045	0.447107639656	2.52791141778	-0.596629781511	0.399890173942	-0.08438634134	1.11643891091	-0.239628022837	-0.480026469893	-0.258211911918	-0.251084828457	1.31461709064	0.160205816664	0.257748296454	-0.492337947987	0.635053434829	0.255698693421	0.249806531945	0.545994505656	-0.553836413352
t_cell_26	-0.762819807158	-0.544919599152	-0.246889146752	-0.772775825424	-0.65636685414	2.01078927004	-0.877089215979	-0.920283062667	-0.599918206556	0.0964658241866	-0.554630937968	-0.405829386569	-0.682791946072	-0.431685401982	-0.831361953746	-0.518000676065	-0.521260592227	-0.524676323543	-0.98565663277	-0.512571722412	3.29032577077	2.17572813541	1.67947386789	-0.585890482475	1.73915007534	-0.802775553117	0.103816824033	-0.234875589612	-0.330450789891	-0.572150232131	-0.458790117187	-0.373052593988	-0.785870992168	-0.564964405936	-0.779216358561	-0.421877360421	-0.860833285915	-0.404428409077	-1.06966069215	-1.06816296191	-0.04563091809
t_cell_3	-0.70321866892	4.25995281118	-0.595371506988	-0.82728292484	0.882241088345	3.14342221319	-0.869608972678	-0.91935766808	0.823682132767	2.03749461595	-0.532837694492	-0.341445946544	-0.641788173079	-0.406683009942	-0.822946026577	-0.293789047737	-0.413147096627	-0.532907073926	-0.907457443518	-0.486002037117	0.318724619153	2.27047867988	1.85061000444	0.120453045556	1.85664831235	-0.801659190076	0.0579999522773	0.268604010488	-0.186232004272	-0.572057188626	-0.401305099916	-0.333197051585	-0.773367755959	-0.456772605785	-0.888575538175	-0.597071991791	-0.95746415295	-0.153436174529	-1.15279951914	-1.10450496101	4.10539004703
t_cell_4	-0.212987907797	-0.396764659151	0.216040451902	0.899071297589	-0.617256958378	1.19879924104	-0.847645753283	-0.869043465932	-0.524898458752	0.151227556381	-0.515686694929	-0.205387241184	-0.595645167796	0.27888271124	-0.752755385205	-0.448879226747	-0.459324017796	-0.468353809226	0.31514455746	-0.518813585624	1.33087814565	1.66301332081	1.72465486561	1.22682080957	2.11624922934	-0.763690976368	0.756576119813	-1.0850251755	-0.0422382943177	-0.39932265204	-0.434592133232	-0.0345010636449	0.01078889627	0.0422587614945	1.36810198555	-0.491177962162	0.00210628499469	-0.0911853325945	-0.482665681584	-0.0206587396146	4.51903304576
t_cell_5	0.0521829498763	-0.523752125711	-0.569463751498	2.6748776864	0.640383215204	-0.122682226967	-0.733331263274	-0.869100304686	-0.606987042566	2.42593043198	-0.537034905844	-0.718502400537	-0.577115938683	4.0720640114	-0.342364117424	-0.537240589035	-0.429655363332	-0.463615385391	3.70277972982	-0.514700219084	-0.167162343069	1.07487523844	1.63027049819	-1.32969184858	-0.851927551241	-0.772145027713	0.611215882254	-1.10068126076	-0.128795546629	-0.434292667576	-0.432515801025	0.952926825659	-0.760994307889	-0.222504592048	0.134859771854	-0.579020300251	-0.458164146959	-0.447535736974	-1.0346789113	-0.410793487991	0.337301328393
t_cell_6	-0.665059602291	-0.513866168001	-0.694162606312	-0.397813260055	-0.643160686597	0.142461225586	-0.541235543277	0.605993182334	-0.570704932814	-0.696987551828	-0.461039190119	-0.58382974166	0.117929976243	0.0524424868743	-0.652848353104	-0.498935350673	-0.519411005625	-0.51118731661	-0.579663538559	-0.39269770508	0.15492771503	-0.653965285009	1.88869088694	-0.0742616035915	-0.868332084004	-0.652198010972	0.430644688859	0.931048836668	0.353425093339	2.78731177874	-0.336914712928	-0.251354477143	-0.706390159587	1.60149138758	-0.558695682088	-0.596141429671	-0.57533505674	-0.324341447649	-0.820270652999	-0.399896201993	0.300854689164
t_cell_7	-0.668907242635	-0.530055890624	-0.663772934328	-0.0342510361936	-0.642187527543	-0.342621627276	-0.680464442401	0.343177052696	-0.560655111283	-0.432318611384	-0.480008424518	-0.322723353709	-0.217325242733	-0.292407093992	0.933773083105	-0.369505586358	-0.376432146745	-0.426186639574	-0.74679783438	-0.462000510574	-0.297578005236	-0.0898417735149	1.61766312229	-0.456676211978	-0.707305651531	-0.692943918212	0.285027319412	0.260517281795	-0.337904039753	2.57360262654	-0.323316966595	2.91026808255	-0.682625202658	1.25302173067	-0.229674769262	-0.591386287402	-0.500028515529	-0.401410638083	-0.825822735668	-0.326833623261	0.742502536261
t_cell_8	-0.680242437665	-0.534597033335	0.34586901326	-0.842134114043	-0.316805969055	2.00067617788	-0.86851479385	-0.911006202583	-0.59859227596	1.86837686774	-0.580632079577	-0.335244605192	-0.660509732056	0.733179006951	-0.748257020197	-0.507594352833	-0.451781934938	-0.494108570485	-0.400559995011	-0.54196588387	0.320060223511	2.04841853249	1.67993564347	-0.725399543673	1.97267745804	-0.761237783579	0.523304547927	-1.16472953904	-0.24077940456	-0.545734187234	-0.459044493375	-0.231797529647	-0.76467159619	-0.548635073563	0.0982757111457	1.290171183	-0.541058648241	-0.345234460892	-1.07513856613	-0.562471206334	1.48833543356
t_cell_9	-0.574987562386	-0.534836315561	1.35204072118	-0.821454081199	1.31384681091	1.05943955169	-0.759869221436	-0.895519840005	-0.60169857483	3.62561915956	-0.569586172789	-0.743071296707	-0.652227491558	3.6778578767	-0.734446984964	-0.551211464776	-0.334325468353	-0.48653249159	2.48690024655	-0.510666534067	1.44943470091	2.21254487904	1.60061170317	-1.56231133666	-0.891293965435	-0.813512066678	0.452283734164	-0.3419178812	-0.918751115582	-0.557415471891	-0.392828825051	-0.354765499241	-0.758516751262	-0.591433622389	-0.386578740676	-0.619600413146	-0.190516435971	-0.231132678596	-1.07677224901	-0.223151740818	-0.224061253155
